2.71432182286091e-14
2.138908527186434
2.138908658082701
7.080093165620153
7.080093723002524
10.268839508351746
11.454653699336113
12.63185343270884
12.6318541499794
13.714801707124932
13.714804905582586
15.422951997394255
15.422953085332187
19.201089295640323
19.201090494579063
21.958786269454336
21.958789187550504
27.37682755867114
27.376830932726023
28.83324065334254
28.833243593358727
31.68518880370023
31.68519044599633
40.53423854713924
40.5342406834331
42.07160058153316
42.18759253794025
42.675984138504816
42.675993354790364
44.0178588994702
44.017860877241006
45.00977594331073
45.00977843243577
45.33296643278739
45.332969824168416
53.73151175269659
53.7315148141242
53.7564926206768
53.75649634121992
54.66625875945504
54.666265576449895
55.42445861309264
55.424466208712424
61.243541873740526
61.24354571121254
67.36074053816351
67.36075089572921
67.80298480332844
67.80298960203402
68.07584989169506
