3.5865407865820487e-14
3.9712513360595314
4.308375787695396
4.308375797903235
10.231697377865881
12.341093156152867
12.341094034198344
14.342921167257051
14.342921869590272
19.6177864661157
22.68998956981511
22.689990780017443
23.61085782734084
23.61086530172009
25.179751776761943
29.928586722372817
29.928587764357
38.03603279885795
38.036041596356284
38.240792104388404
38.24079228065716
40.1410861118302
40.14109372366146
40.595058164246666
49.423596185334844
49.42360162607958
55.719024804068674
55.71905809055271
59.909868291266484
59.9098689735899
65.4882406150002
65.48824145171027
68.46294862876407
69.39922536092311
69.39925816227978
71.7623998746618
71.76240544543231
76.7213296945241
76.72138089994174
85.96833379348482
85.96834486448476
95.04315175087261
95.04315386098676
97.38327837323102
97.38329896014115
101.06386007309938
101.06387201110502
101.39177223657416
101.39177413718694
104.6587361922234
