1.5969343902799693e-13
3.7433607298147717
4.847672574629666
4.847673978059335
10.396331194660263
14.083638890609402
14.083640520682854
15.09439828862854
15.09440019141734
18.942547486448756
24.92927430515793
24.92928809121055
27.174000457255595
27.174003146481095
28.447680679791176
32.06754799774349
32.06754869713868
37.17231320562348
37.949911519110024
37.9499255163449
44.027718733787715
44.027736706437615
46.05144726615608
46.05146068528029
53.38810953347864
53.38811178530384
61.185705668808595
61.18570620143001
61.18682075845518
62.536227186836776
62.536236595008354
64.7489003729521
64.74893961729144
78.40087104776136
78.40088218803413
80.5995576539139
80.59958299518276
89.40133504290854
89.40140532835272
90.25938181855949
90.25939575294235
92.98052756795215
93.80214599611833
93.80214744824089
95.12319063193989
95.12320333644777
107.37476728815705
107.37478895348941
118.00609257058635
118.00621260071833
