-1.5074747006238454e-15
3.417820564252188
3.4178220748958412
5.033148788864572
9.331487363399354
9.331489210484323
11.984320051937507
12.767585496423838
12.767588956519296
16.654749152997606
17.29981404648786
17.299834384476068
23.029506335524733
23.029514873619327
24.72431707390385
24.724328070005452
27.247994872099625
27.247997052220626
35.77132212127863
35.77132859546226
36.492102415676506
39.289555799840684
39.289573538007176
44.14197271776361
44.14199101583026
51.73968879527474
51.73970954270789
53.4864506479558
53.48648832258013
55.15855789556762
55.158572890018874
67.18059646823906
67.18060097960458
69.85858877452549
69.85860925243445
74.67664841852425
74.67666349096953
76.88349767746737
76.88350478888447
77.48237470759695
88.40166439305857
88.40167960532116
88.5541251172227
88.55413392701834
101.45865770832141
101.4586941321964
105.49000368554982
105.49003045711387
109.0961265328104
109.09623999400043
