4.0245584642661925e-16
2.1738098392593423
2.1738102370805272
7.08310258362372
7.083103627371054
9.811774952397826
11.01736835358374
12.242210953134618
12.24221266140669
13.646715457945204
13.646716277484082
15.225467733202304
15.225469577361617
18.918277776505363
18.918278730142546
21.781645842587636
21.78164955974857
27.654271161960203
27.65427144938363
28.549667336671494
28.54966885562795
31.321335877924724
31.321346615230194
39.88855005480028
40.011461401599604
40.10418807019264
40.10419312045258
42.008290596501816
42.00829459056102
42.95548638446533
42.95549195088982
43.329144054513954
43.32915046037307
44.10793087675078
44.107931405595075
52.03785773389896
52.037859892721286
53.01945189704937
53.01945650762436
53.53806121466962
53.53806686333143
54.10721923524832
54.10722147233272
60.70484871867666
60.70485041511407
65.57615707268467
65.57616120192269
66.40458110087293
66.40458951410213
66.93250265752516
