1.16157083951407e-14
3.37602291896414
3.3760230127992306
4.97446290650067
9.213123282283666
9.213126121612806
11.84605937768604
12.611140510865942
12.611141033582769
16.462185949424715
17.06984467448117
17.069849737278176
22.76041640150113
22.760417111149437
24.38495913574771
24.38495994556332
26.863147255252304
26.863157979614126
35.34342946399093
35.34343448829553
36.089104663881514
38.69384358290434
38.693859316758825
43.460754061894335
43.46077246141728
51.075298557886
51.07529888376673
52.608941425817505
52.60894260578801
54.54522690867488
54.545227899725745
66.26261017734014
66.26261708988231
68.61081958388306
68.61085722634535
73.32727677255131
73.3272807221456
76.02368576798496
76.02369456730983
76.68524522402899
86.67498188896172
86.67499210570095
87.37031072634832
87.37032191475454
100.30459582937728
100.30460384353982
104.39387308331952
104.39387463122513
106.75866271831264
106.75867588868354
