-2.843211777125987e-15
3.375222912448111
3.3752229124481254
4.593772567198851
9.284140268296323
9.284144840127436
10.616990595004866
12.543226427513003
12.543226427513062
16.823524414272974
17.258525464617502
17.25852546461755
20.709660396112415
20.709660396112476
24.639042272200832
24.639047456606818
27.15042236050052
27.15043890277282
29.280930968966288
32.82403857173803
32.824051303233084
38.9652879268124
38.96528792681246
42.934690339482344
42.93469033948242
46.166420407599276
46.16642040759933
48.811127608100605
48.8111276081008
52.63863056200741
52.63865575569001
60.86615105482917
62.61211404468566
62.61211620913995
66.23687873572705
66.23689303196969
68.04046685680451
68.04046685680473
72.48760174228197
72.48764432627432
82.50950302936366
82.50950302936366
84.98798517372863
84.98803810861291
86.18578405598787
86.1857840559879
89.10074967778996
89.10074967779008
103.24660240594382
103.24660240594385
