5.460389085332196e-14
3.2333549205930314
3.419923346513903
3.419923346513919
8.240540892190705
9.773677380143008
9.773678051815365
11.49317205397063
11.493172053970666
15.915127048038945
18.087262595883914
18.087262595884
18.6690514885115
18.669051488511588
20.03619175104144
23.925630749286494
23.925636999623514
30.03503282960874
30.035063247319716
31.005318049073452
31.00531804907355
31.763507350434462
31.763514918021137
33.35279427109552
39.49399920003551
39.49399920003554
43.94621642620923
43.94621642620942
48.36334232190601
48.36334876275986
53.428587111581386
53.42858711158143
54.65507500146892
54.65507500146902
56.46281909460936
57.241381778510096
57.24140121708391
60.441881220486906
60.44189955873451
69.15475771619393
69.15475771619411
77.17795114795933
77.17796126132708
77.54131244906455
77.54131244906463
79.52669701529926
79.52669701529933
83.04222425672967
83.04222425672978
86.52849961988913
