1.0656406312925526e-14
2.5711042045534453
2.5711051318720863
2.8760818884547352
4.201997744107354
6.758501677824541
6.758503644456569
13.712996127419299
13.713000602759788
23.39789621979731
23.39790578403529
29.737728590118333
31.045887453090312
31.045891176347446
35.42976598137152
35.42976997570038
35.761959162750685
35.761972705576
42.714527284205246
42.71453438864088
50.73950728145605
50.739533001058824
52.867720011138296
52.8677335563162
65.84411726109015
65.84413556667825
68.2506222518673
68.25063521200272
81.58590637707199
81.58594009454089
88.20130635420607
88.20130954550112
100.02298230248242
100.02299983574906
110.48378638288393
110.48379995869215
121.07319505389042
121.0731982281416
134.97685777722302
134.97689142780587
144.6427593759669
144.64277302486943
161.54631233395236
161.54632559245726
170.62668769415617
170.62672183045143
190.04536934166944
190.04543537104195
198.90925295769847
198.90927983378572
