1.1390194343263715e-14
3.3102008406661265
3.3102011585007443
4.387932744405755
8.930214967031706
8.93021691392783
9.475165494465474
11.419581699705049
11.41958206405986
13.937868325029426
16.129965988197906
16.12996619889429
16.19409472646379
16.194097533309172
16.437441255052956
23.326498899535103
23.326500649085528
25.06274439258848
25.06275739459116
26.180497250714108
26.18049881829905
36.07816107482351
36.078179329925106
43.10668124798619
43.10668630229883
44.88952457987166
44.8895279145389
49.31509301732912
49.315095270376965
64.81486938243064
64.81489198846023
70.66245426337512
70.6624794053463
72.01664939951286
72.0166772710508
82.57954922473982
82.57958521548555
102.59269394985637
102.59276615637397
105.84094103423172
105.84094174237008
107.01878641960214
107.01878918068985
124.82730506324678
124.82741826297418
148.43129941771187
148.43133509830182
149.24910777822214
149.24915682354282
149.5258231572956
