6.321956846910837e-13
2.3482005177066503
9.302088647161035
20.59352402787642
35.78883267464629
54.30803567903595
75.4509091920465
86.61038958320408
87.96056317074556
90.54647705013484
94.75379856765235
98.20634193704406
98.4287480527883
105.85464716640419
109.90908129170681
120.92883502949034
122.39940260223055
125.43333630975262
139.50667260282643
144.2606578319554
146.5062064236447
160.98691040840342
165.6972141875778
169.91482736684316
184.64669192776154
188.9353035625797
191.84554491334256
209.65883900166475
211.60339959610909
213.09753444011452
228.5916284083811
235.1116707420252
237.28128261865137
242.3187911029823
252.4040238210441
258.5684066634756
260.0005109634482
260.63599875411876
282.1236606731984
283.53917018919543
301.2805495151081
304.47330552175004
317.3834229087626
321.99342131677946
330.0320165469803
335.2395054462419
339.03111343540365
341.87994875164287
343.5050259497043
344.1898848340606
