3.132060583110885e-13
3.5081024344957656
4.751651436095517
4.7516517321952865
9.91475556675701
13.855162924112467
13.85516605296758
14.549665821646846
14.549667171079166
17.908237425815056
24.297779575782243
24.29778302421283
26.794522384503416
26.794525526687863
27.867746174715606
31.080868255132312
31.0808707480018
34.926513435237595
36.22583608207421
36.225837552674996
43.48687785722185
43.48688409003723
45.368562052086084
45.36856338389767
51.909921948820376
51.909923678398144
57.019384565244245
58.83150645042413
58.83151140019886
59.159170589449474
59.159171342833616
64.03957093887072
64.03961767922385
76.47276203305444
76.47276651830752
79.37795265553123
79.37795554263268
86.70711654501523
87.69432105884617
87.69432965707567
88.52375521580034
88.52375825862268
89.50153946889051
89.5015450806717
89.75515950780796
89.75516117642314
105.00837513030052
105.00840244251606
116.52274231173185
116.52274355200424
