1.4009626791988694e-14
3.408992354439951
3.4089929000474846
5.143680949308516
9.243763070474072
9.243765676927113
12.410376049411937
12.720370185121878
12.720371932886271
16.68355944290138
17.015026438929578
17.015030213369755
23.806028186438354
23.806029003079008
24.160234383002045
24.160252357388725
26.57734120901228
26.577356591553407
36.62452470144206
36.62453275026449
37.9617661955589
37.96180330615112
38.99911351887177
42.49380623227235
42.49381396048449
51.12541506274981
51.12542391363812
52.25685557539402
52.256862153574346
58.174578783374294
58.17458129141518
65.95921671283409
65.95923988530932
66.11396660565408
66.1139840094507
71.41269645950928
71.4127057041433
80.28110794967239
80.28111760589486
82.30415477625101
82.30418972837236
83.2025104488667
88.52433185355254
88.52434716867188
99.14665437499256
99.14666516219603
99.95470850236369
99.9548311420716
105.05157543591893
105.05158603822842
