1.1466522176206695e-15
2.406233566852568
2.4062336958652932
6.2623592110061255
7.020188253373614
7.020188588630625
8.023531844581408
9.589404131229957
9.58940436089794
13.56856377288997
13.568564412268046
16.400027981547453
16.400028873977877
17.198447052830176
17.198447504774506
22.074824687071253
22.0748268824489
26.427941983050836
26.85959226579772
27.017624120410115
27.017624665317847
29.980779666372904
29.98078093737853
31.81361078161694
31.81361225218769
32.50686613176812
32.50686873021049
35.090553052355375
35.09055480412621
38.75741705582813
38.757419443967215
43.55644971935032
43.55645074209666
44.824347364539676
44.824348250895824
45.603805931667075
45.60380828249062
52.3881428593193
52.38814402446518
58.71605941339165
58.716063097605634
58.97971758360558
58.97972302867941
58.98216454129453
59.060488816400024
60.42974503230833
60.42975056064119
62.78288085851527
62.78288136829412
65.02378306210554
