3.360332845314673e-14
3.447767511241934
5.180990530667736
5.180990531909324
10.090105439446848
15.215944657264512
15.215945298327217
15.22857813308897
15.22857965851703
17.964791700595566
26.05865152942022
26.05865280139964
29.532642362369494
29.532656118551362
29.638359075832003
32.89080050846013
32.89080112692709
34.96623419148179
37.11286230916967
37.11286391049741
48.015093614391425
48.01511406405724
49.64963441400667
49.64963764437267
53.85865170121811
55.24442200810397
55.24443293311122
58.51786174324806
58.517864866706745
61.051006895985374
61.05101043588769
70.74192282465324
70.74194534861336
80.50339664922532
81.76703198198426
81.76704500759794
85.15821434084162
85.15822022749039
86.97541927813758
86.97542209901084
89.86976465455855
89.8697687594143
94.04714332827207
94.0471724140863
97.7473617598663
97.74737775320557
112.61242020852397
112.61243268792926
112.61438448240685
121.10958784936571
