3.4241359747611e-13
3.5426166609352503
5.267973370897201
5.267974619091789
10.34441658172303
15.468655303266011
15.468658633892582
15.56834507384742
15.568346836114957
18.45739881625234
26.574234702206187
26.574235825518354
30.034767378674033
30.034785247804034
30.380176827585696
33.627255918246064
33.62725937196361
35.95077721127658
38.09825214586846
38.098253639306
48.871414973529404
48.87143175780275
50.613871423391544
50.61387421794213
56.435028697912905
56.51277983740376
56.512793434316116
60.68255910807155
60.682560573728075
62.71310378172284
62.71310540764385
72.08788940752979
72.08789169122947
83.71225698257992
83.71226793514857
85.29835336963558
87.4092667298423
87.40929590318518
91.05897540499345
91.05898097747907
93.27484315550252
93.27484465945926
96.25028597065763
96.2503268710543
99.7550334941231
99.75504442174575
115.42360012204549
115.42360206862182
120.82428951852744
125.48320598691352
