-4.9057979900624105e-15
3.39693022971921
3.3969324298056085
5.1039150667962225
9.233962663345519
9.233964507407839
12.302176748156231
12.679094960896121
12.679101800986002
16.575563955916344
17.050048130225093
17.05004819507537
23.616812353032678
23.61682374291829
24.271339624226545
24.27135073643784
26.74157500101024
26.74159031273826
36.40739177364886
36.407398716231256
38.389676422574205
38.38970557556223
38.588676324252845
43.101154689267645
43.1011575419881
52.01421988392321
52.014224964536
52.13499408498003
52.13499685947251
57.63404886218095
57.63407141071758
66.99140589301656
66.99142245013068
67.58323195936666
67.5832498084965
72.55246677819031
72.55250119111103
79.65060079048591
79.65060755548603
82.37753103645991
85.03106647135037
85.03112479079326
88.81910242544392
88.81912329859732
103.95983735195423
103.9599016929039
104.26712927216619
104.2671610134556
104.41532545685345
104.41532565697051
