-5.4468582422195766e-14
2.352016567185607
9.051346674020893
19.09087024621197
25.08807221500074
27.058528991116045
28.10234365606839
30.99264107112851
33.69662831447804
35.02631923746075
43.07713345607117
43.95896594220973
45.25686977029127
53.77770034772529
56.60407796556899
57.320689949156545
61.92928583367259
66.91926069681368
69.37968425963412
69.99054302990825
79.87986475503659
81.91861884032498
87.49611500130415
90.30962547837835
91.80456661095266
96.75822366507828
100.31024626712345
101.1643660526169
106.86949757963744
108.87164986124843
117.03201205393587
119.40111322410863
129.57712502595598
131.5071593732993
142.62417465126413
143.70070913380198
153.20161256368192
155.1822945642777
160.12134624245078
161.6697210035566
161.66995541286624
163.29314299017184
163.57469542167007
208.0431345332122
213.477889211496
217.05048149745627
222.12252205762914
223.64501426933498
228.34342440807637
228.34380379450693
