-3.404602988421601e-13
6.154836134078105
12.106395521903625
24.17308628404621
30.012397510329897
30.55816838976052
48.29228578908118
54.18113000139195
60.186209719196256
60.300044825236064
77.66489622964403
78.95728235309367
95.72899808160089
101.76707243843263
101.82998484809713
108.1791616824802
119.86679921587837
120.10880496938817
148.34799874531802
148.589010126638
150.97651234832875
154.63301985342787
154.70746691700901
172.6369834320565
172.6611058737958
191.10089993887323
202.63941701301036
203.10844119142104
211.90996075304062
217.80613477237625
218.2148776888967
236.3134306464367
236.34030266241894
242.13732392362255
245.8144669028582
266.0184231492862
266.1953655666644
285.1091342856448
291.7558683658232
291.994969108195
296.203088976372
307.7389625253301
308.52970771350743
309.2885111912101
310.0822706650244
339.905162703831
340.1161042961411
357.4479193929172
362.54742065268414
368.19846352596795
