2.55351295663786e-15
3.15301495972683
3.153015449466554
3.397261062028962
8.290103877114152
8.290104277704595
9.090084834185198
15.863079449079292
15.863081424000049
19.563250575659307
19.660566646514763
19.66056962572792
25.648196132550677
25.6482145599679
30.392772883721886
30.392773180624552
37.47403243239684
37.47406135538974
46.84844736886364
46.848448472500415
51.06617895672488
51.06618667407918
66.06674881054076
66.06676851161588
66.08418663072356
66.08421631853939
69.32358984479572
71.82407220216932
71.82410313633467
80.56464059601974
80.56464617501886
82.06264162340193
82.06266599691882
85.97714728397233
85.97716665875481
96.26540294749947
96.26540587278197
98.60586981272691
98.60595360116356
106.16377328513073
106.16378447333528
115.23011399165766
115.2301860658769
120.0744610795559
120.07451616396946
126.788371152785
126.78840034496498
131.46533523359707
131.46545867556767
146.85213911591222
