8.109832250191573e-15
3.1477357449100567
3.147736946297385
3.379313845082381
8.340494931381308
8.340496620779401
9.00834001239828
16.111830153734115
16.111834962871367
19.349223735781827
19.404175540329838
19.404181189453105
26.368938046600114
26.36894275476371
30.147904196125307
30.14790840858497
39.114974012074285
39.11498166298002
46.77797203154355
46.77797941427992
54.28774748731846
54.287763574850395
66.47517677709975
66.47517934618934
67.97140617952728
70.46196071071373
70.46200439289707
71.77035157989167
71.7703820328467
79.2486310233373
79.24863923105774
87.29235811767488
87.29236385108261
91.40955066295571
91.40959258085
95.26743978214917
95.26744201727503
109.15599306434738
109.15599911533715
113.0256226820328
113.02562895013943
120.06545078528929
120.06546281399376
132.50868959792146
132.50870271988836
136.41744521980198
136.41747899271923
153.22500495052665
153.22501427396182
157.54751927834553
