2.345346139520643e-15
2.7753069462949176
4.878130318207356
4.878130506464521
8.485541584150209
13.532916759767348
13.532917360443223
14.450467644538552
14.450471045284683
15.189864691715819
23.768779597928475
23.768779693534324
25.117205410148753
28.101026209586678
28.10104212390012
29.766148441932344
29.7661498813412
32.02313285348087
32.629997496547915
32.630000546159074
42.78294345861585
45.58462946304048
45.5846451176711
46.18157432035825
46.18157943214283
49.084192786559555
49.08419378597778
50.42555274716731
50.42556726363411
54.83375881542574
54.83375911804323
63.2348533432762
66.7892748671194
66.78930524097294
71.74038717672444
71.74038788308381
74.95299364720042
74.95300499361795
76.60105891713393
76.60106072931833
77.2449190689162
77.24491979359478
87.65954514819693
87.65956106121413
88.26567935980476
91.5200805080849
91.52011067821157
98.99383237454113
98.99383675838327
103.23329475209347
