3.028827189055505e-15
3.754727736295495
3.7547283877524644
4.0319992909889795
9.747226083269046
10.60581899352497
10.60581974812123
13.18042157474262
13.180422214665136
18.8485765542273
20.100786141151552
20.100792047628577
20.405223406162577
20.405224102367125
23.11092002662073
27.09990612107044
27.099912874297644
32.14270193115291
32.14270620772739
34.53209159257197
34.53210662692113
38.02956595823917
38.02956843530029
43.488333149324134
44.853981008942355
44.85398291378199
46.79807514330816
46.79809406984039
57.75942394020103
57.759455039261034
57.826872523405285
57.826873457870164
64.08519639380268
64.08520880204283
64.4385570182166
64.43855928495596
67.00816214783804
67.00816902259943
74.02780968448049
81.12722873792696
81.1272368927295
83.97618575904335
83.97620344263576
86.51112616117776
86.51114164308116
91.6969780982263
91.69702099165828
94.21666549925766
94.2166668462822
105.01402869361954
