-1.5754758608821362e-14
3.1369949796156957
3.136994979615712
3.3719080668158394
8.338416650911928
8.338421238400597
8.895122919290275
16.152674015910566
16.1526740159106
18.936135604143033
18.93613560414309
19.015122266781916
26.523641166525437
26.52365676660427
29.633030547753464
29.633041594461503
39.494058475437875
39.49405847543799
46.135871562908505
46.13587156290855
55.05051875443995
55.050536905245906
65.07879847494151
65.6251673038843
65.62518414794566
67.56174003168967
67.5617400316898
73.13524451295325
73.13524451295334
76.4051472095121
76.40515751378868
86.32937463593443
86.32937463593454
92.61125051105526
92.61125051105535
93.66319646630188
93.66322815255144
108.33759869553099
108.33761676446481
116.53065078355372
116.53065078355392
117.74932053134305
117.74935145721167
132.1467685205954
132.1467685205955
141.6186990961475
141.6187315227507
151.1474569665781
151.14745696657855
157.98884332254428
