-4.675079767757495e-15
6.863218367616031
16.392698962073766
22.719496665487025
24.313269507633436
42.36122339544861
47.343873203794686
49.14980825419431
58.891811870386704
69.34840003250574
78.50053952015831
80.05506109583673
89.98728201880242
96.0205729486434
113.1874014246398
119.0898884908766
120.12883496206864
127.47150663488307
129.5958157120825
136.70383518159352
153.9902768397619
162.47270780344954
170.69034777840076
172.33191992440445
185.51534562208218
188.84856235129524
192.65297179790537
205.7276755975032
210.6563953641645
219.4339681625347
229.62797386737338
234.19552105767622
238.28844872586697
242.7543266482607
255.68391695993256
259.0912578907047
265.2971079125461
291.6067792182024
294.5020258091672
296.9032786367947
304.80005939383625
307.48323150984754
312.3509994102775
314.73646914265726
325.94526091856426
336.71049630472993
338.7558327022982
353.0551008232424
355.95579850199147
370.8521517705762
