4.1425196606326153e-14
3.4857613644354086
3.485761801472359
4.942651351222343
9.553834883792895
9.553835356932058
11.544244039965646
13.007574865512186
13.007575935480517
17.15324766087762
17.738856450214254
17.738859959319637
22.315201647787628
22.315202902121403
25.37647140859451
25.376471965000842
27.927255149285106
27.927283116231788
33.38334574641828
35.04401100123445
35.04401316928048
40.18041413050829
40.180425384446146
44.81374202836011
44.81375321103804
51.37767015422586
51.37767433569543
51.59364652139666
51.59364773852862
54.49761504518073
54.49764123566453
66.51212782305812
66.51214445525588
70.24564979969878
70.82349949467852
70.82353748530615
73.01712268053194
73.01712379092427
75.56027537360774
75.56032572536539
87.63539195066697
87.63539973191376
89.06472169518155
89.06486217045955
97.34672923314696
97.34673221555315
97.57008143659473
97.57008569057726
109.09819148240074
109.09829279667477
