4.966270450434962e-13
3.007896304674266
6.0776534748572715
6.077653658211748
9.45022501446005
16.073454112000757
16.07345421965999
17.261425468438794
18.24827398905511
18.248275313195524
27.889366139915076
28.55805840871807
28.55805880475683
35.87713042292828
35.87714559002482
36.14337629027134
36.14337729796368
38.880632801402875
38.88063503257041
39.38234132585669
47.18668228785405
56.1095515205261
56.10955181023401
56.92722636182375
56.92722695950375
58.84887610235572
58.84887965688264
62.12988073340152
62.12989120895881
67.89936635949029
67.8993696149978
68.76523289922098
81.13981372689872
81.13981519109046
87.26203664619894
87.26210441732219
90.54736672537449
90.54736805589285
93.1354605213234
93.13546709927874
93.6349813673227
93.63498421863159
96.42417331409376
111.75022784358801
111.75023472056186
115.20279513041741
115.20290851098262
121.17783929179306
121.17788176427067
123.6511895196865
