-8.560860353945543e-15
2.8583873942073352
3.1832335376908487
3.421335364432406
7.991678148425796
8.601748231696684
9.413689099380418
9.9724648121218
11.093734141431801
14.890142971649004
17.562455045403865
18.155961268498395
18.46131582358919
19.672052432286666
20.668682962358314
21.073354130837018
26.384617269927762
27.774999028338126
28.017843516270155
29.16995561052456
29.97610250757082
31.65275478081249
32.0116616055224
35.047229385590136
35.06780200076877
39.68435590026811
39.94533184479024
40.376770434607636
41.81321610752339
44.32585687789645
44.86851959607266
44.97665133102118
46.8176394515119
47.32556843335141
51.57426785926637
52.00138662623968
53.38096884341467
54.65594963652578
56.17014548550655
56.52966914140227
58.403750502212375
60.67181207197121
60.81769055589177
61.820469268577035
63.33746821861118
63.50818580264132
65.34983833263871
67.97476565046357
70.02131343879763
70.66345004455951
