-9.178421911393286e-15
3.3613681019449837
3.361368101944992
3.729892751919416
8.903122548297498
9.474266358637944
9.474266383676571
11.92390154686255
11.9239015468626
16.97688023090945
17.94470268078234
17.944702680782406
18.44300533448173
18.443005334481757
21.28082975163893
24.47363098922611
24.473633006682068
28.707512023482753
28.707512845858
30.988575054649523
30.988582313182388
35.17321875042954
35.17321875042965
40.63601754680592
40.636017546806
40.90222838567447
41.85236435954782
41.852364359547906
51.65368637399115
51.65368637399117
53.11902296422724
53.11902708470874
57.43186428605272
57.43187930118097
58.31630105332026
58.316302184079824
62.347558143129724
62.347558143129895
69.70922639111417
74.19187340255603
74.19187340255607
75.46439427719756
75.4643942771977
78.2412607506548
78.2412607506548
82.45087055324633
82.45088479136453
87.03763591085139
87.03764125518943
95.94695570165872
