7.074202335033419e-15
7.024568682558293
17.181910191052527
23.963191728641583
35.667474954089485
42.09057652606079
49.04926880017984
62.90982583008903
68.17773028768606
70.77890843535472
82.44118887618977
91.70650515511433
96.57460220823206
103.34513174658666
104.24182842940064
115.48890191335748
122.09521839432146
131.67434408608742
136.61257329452943
140.35937598474192
141.08980161329467
142.52592090292725
152.87351401650437
152.99590717400986
166.0148421982031
166.40380472151892
167.9417410941223
172.6373842697618
183.1100304191018
184.16461071528153
210.1689726293578
219.5734202832921
220.52561054990565
221.35480132962817
222.01617794172765
229.02519878328923
229.83714987353025
238.8580664925482
245.29942250083855
253.82262888664093
261.8539241791619
272.7801174533145
283.01731937857505
288.5144661567767
290.3986679638745
301.02106532913393
305.4434493158837
313.6587513687388
318.27054915466863
324.58152793669217
