2.6484023307737914e-14
3.4109731786511857
3.410973784553355
5.048792630845737
9.305680691614553
9.305681018974845
12.060824794308465
12.740841384237923
12.740844046855258
16.614294820342668
17.242799866857396
17.242801023041466
23.16851077934625
23.16851502520091
24.628747446271973
24.628752209456326
27.147760306417474
27.147766781808187
35.92556127469033
35.92556311760653
37.026166648007674
39.135171572091764
39.13517460444846
43.989208613430165
43.98921897640533
51.85020312750941
51.85020639880283
53.26783705943207
53.26785684424594
55.78812917991011
55.788135269205306
67.2828002929614
67.28280469924326
69.5665532414363
69.56661093414252
74.38897795549245
74.38898561312581
77.59549109574715
77.59549178811778
78.77076508074832
88.02812765136551
88.02816295205193
88.72721797372188
88.72722098496251
102.24343851497525
102.24344019652935
106.94070677612777
106.9407173688822
108.63422803365896
108.63427173459624
