3.4350126909554746e-13
2.3573927799669883
9.100004525016482
20.096426905726386
35.006092603050156
53.36095427900689
74.57947331652542
75.65354375087645
75.65354375087675
97.9799590499524
98.33979927051293
98.3397992705133
120.1890115987615
120.18901159876174
122.7947117764898
142.02658049957122
142.02658049957185
148.19084698168317
164.05504645670453
164.05504645670538
173.32725821564247
186.35798998441552
186.35798998441643
197.52147073197924
209.14871833868807
209.14871833868887
220.51100689464576
232.81252163742627
232.81252163742758
242.38391866308694
257.52320380167544
257.5232038016766
263.01730988281355
273.7448939553252
273.7451055533214
281.8654618556272
282.9439944319589
282.94399443195994
298.2472714506116
308.36137042623506
308.36137042623585
311.57169246500916
321.3925646466947
322.9265643578252
322.92674814234886
327.4023961652563
332.8999049108284
332.899904910829
355.61309292856953
355.61309292857
