-4.163336342344337e-15
2.318215233299045
2.318215423359054
7.123653679625682
7.123653724816813
7.838844380474747
9.251118217302277
10.636542806374413
10.636543457169905
13.778197321230111
13.778199884005167
15.059294242502006
15.059296004145715
17.884966618045954
17.88496682874479
22.37124310765675
22.371243118073433
27.85483109209554
27.854834635134907
29.379931541696752
29.379934225677186
32.26107483843909
32.479909530773334
32.88504246935227
32.88504756152675
36.15107923817312
36.15108231359627
37.12499516885385
37.12499904927573
39.84716781310269
39.84716925102069
44.49770532138858
44.497709409071035
45.27797050186373
45.2779773337047
47.3932815355527
47.39328355348412
53.72378548362715
53.72378727156
53.813962334678465
53.813972734488985
59.49933596025253
59.499340974312695
60.3217562417987
60.32175713462567
63.9403963645719
63.94040353885884
69.43844435371304
69.43844520386402
71.19269736583969
