-1.4583820262537017e-14
3.5309048140009005
3.5309056007358457
4.7510709837984235
9.752955957165053
9.752956272736112
10.965701738881652
13.10679628755153
13.106800017527615
17.53627639207918
18.222410193224327
18.222422545437908
21.46724864979008
21.467251838987572
26.051054011705844
26.05105736165677
28.855791295322373
28.855801441436014
29.971909086407628
34.20610935391145
34.206113781555835
41.74696687446363
41.74696943526278
45.50986658685091
45.509889197398344
47.42491300496583
47.42491674697842
51.84618965669861
51.84623235316462
56.93907295164264
56.93913917947891
61.96671534482887
65.71641109319195
65.71641858622279
68.24615526591954
68.2461571161691
74.4314086826041
74.43141539139621
79.93839682988282
79.93843938088962
86.91036810482686
86.91037079146282
88.0597218450384
88.0597312012625
92.10904596922867
92.10906437190673
94.19541998283381
94.19548423762569
107.50469377696582
110.32983856626035
