1.6720999584940444e-14
3.1545841974192586
3.154585095223588
3.3777593389686134
8.36402210009768
8.364024697170217
9.062194173209395
16.185297812526695
16.18530606516068
19.532004987988
19.672848986907628
19.672852200954235
26.55332233675995
26.553326520892874
30.457782047813893
30.457784526392217
39.51760993032425
39.51764218965313
47.254191050471924
47.25419873984091
55.07524290827268
55.075277616913255
67.2946414963308
67.29464508307186
69.60416243754051
72.09474208041969
72.09475419676157
73.17882515730452
73.17883270486335
80.85229980284655
80.85232943496142
88.57876195921223
88.57879572333907
93.75385186736922
93.75387155986151
96.85307071724942
96.85309713147696
111.03453141014566
111.03456068390717
116.70766498404713
116.70768118157632
121.78476588735603
121.784770424192
135.19706355299002
135.1970719566852
141.93331879599012
141.93334786941165
155.51896393689603
155.51899024282898
161.37280156614742
