1.429932561247682e-14
3.668485319054561
3.6684858511581915
4.525192521278471
10.234555204352732
10.234555366227065
10.491943389843854
13.39889637812347
13.39889863999809
18.506895865611213
19.256199048809787
19.25620228569169
21.03954781964733
21.03955303628251
26.658726341683828
27.145546348369052
27.145547038729408
30.659228426134387
30.65923871056578
34.31668338190603
34.316684295086084
43.467054521163966
43.467058882948706
44.54665283907574
44.54665418123286
46.063424097326255
46.063427892202526
53.79401654606079
54.806836369733176
54.806850275119515
60.97626411539303
60.97629491913211
64.08635350287236
64.08635484775002
65.91362259061934
65.91362942418066
79.07481431678472
79.07482024250113
79.96584803822492
79.96587463734973
86.65543338284053
86.65546059635753
87.79821596513489
87.79821640764288
88.00535994940213
88.00536338398386
92.7845322386209
101.50859184963319
101.50864237176161
107.80657947478535
