5.4230925305986943e-14
2.192450204553128
8.678707385787048
10.002048583668632
10.173260226874866
14.262555334676053
14.802599008410917
19.172672673830153
22.20265156346955
23.093776403157378
33.16022331278632
34.21427855082766
35.37550540883983
36.14955294434986
37.01050687096073
40.56723257533301
43.49295447192087
48.92401367084984
49.94167353304896
50.28685474397362
51.6842286272853
54.249173090184016
61.698624432611226
68.74741264651237
69.1490855505961
70.12519791484813
71.81054981670006
78.95466437209414
80.30790915514461
80.45661035461177
86.42526996183659
86.94455026028817
88.02969273777724
89.34422712492213
93.21877869091936
95.26086090534032
96.7695872081929
97.73477092035368
100.50119003780165
110.6338693691153
110.8662838435838
112.2101238921602
112.58266935515483
118.99564395396817
121.9264441687071
125.97164748105308
129.1233251059231
131.48526497234346
136.59491704702128
137.50060737990046
