-8.423817199343375e-15
2.6397703987889667
5.2009303971322804
7.214801049939569
8.44928301382459
10.107989910576679
14.26839710197396
16.42359849389382
19.96519060130156
20.846502771349897
21.413690216278724
24.98556451745228
25.555779423844477
28.152370822349397
28.17495031292974
31.26722804328564
36.92864221549402
39.11049291360514
39.977961604604445
41.19035943747984
43.155963132056094
43.68200848959424
44.09698683214482
48.22555022273505
50.64985153083136
52.303222575372125
53.31709794205019
55.78079231997615
57.04776340155439
57.4114088254916
58.04433970825975
61.54110490757295
67.65455513538164
68.97623701416717
70.61464162754281
70.9956101084798
71.31529398743356
72.38836246647428
72.8000164937944
73.0834063300632
75.76098566439133
79.32858706907008
79.58654067805774
81.91943962796971
83.80723482140588
83.84868381932107
84.80652912601802
84.87464723606091
86.25033901246047
90.07168281727553
