-9.3119956190435e-15
3.284741749991851
3.5766148978005283
3.5766152886971185
8.485744576047837
10.235587223750871
10.235592221957248
11.890325590046771
11.89032651961711
16.253946867875587
18.830189955783187
18.830193014363005
19.54955349356292
19.549564017337254
20.953490280511254
24.790010553708555
24.79001384156823
31.414258950744554
31.414267358186343
31.681760458029125
31.68176234417531
33.205415743385736
33.20543435782771
33.600434549151146
40.92112139097747
40.92112733288707
45.86717930750457
45.86720316281041
49.65307893673356
49.65309071528017
54.274093674585764
54.27409693316725
56.737350830598906
56.985450539265585
56.98546116556323
59.34364920616495
59.34365564397151
62.89985137259784
62.89987688997324
71.21036502991207
71.21038029795582
78.83187001159007
78.83187983018527
80.35769039499573
80.35770450162602
82.45750111466418
82.45750998413138
84.13571921253958
84.13572428114954
86.91285324554131
