5.268355196541563e-15
3.39662285158791
3.3966234608833945
5.011035948350101
9.25225353947039
9.25226022760806
11.922984422406717
12.685502855744224
12.685505745973277
16.606674581195342
17.098751694846598
17.098770208800236
22.887664764756597
22.887666775717612
24.38207780639204
24.38208477590463
26.814457369713505
26.81446322475441
35.49568338350164
35.49569745986266
36.19263456470284
38.453541465996054
38.45355468314357
43.115965292497286
43.11597905186326
51.129145881803375
51.12918631699689
52.00454153405232
52.00463904097298
54.72342445213719
54.72342962753844
66.0004162542799
66.00043777557224
67.3985368461525
67.39870030043924
72.02595138888033
72.02600335329858
76.23791412724927
76.23793781579998
76.67955465592021
84.52607886443312
84.52614112600774
87.16564254938076
87.16565321261737
100.4803549096462
100.48039058728453
102.93616213049323
102.93629862577542
103.24436582262248
103.24439960980736
