-3.951006188884776e-14
2.567869502138531
10.241671583015094
12.322956602535795
14.598723241833323
15.189884489828597
22.110299389524975
22.929096578362728
23.01606875673613
34.57887849491959
35.93011948775017
40.43426804858981
49.05279024088971
50.811398744763096
51.92470519683417
52.44579553167274
53.78190463397146
58.27643218968855
60.54538782962422
62.7549348052445
70.67204881900575
73.65565774318158
74.02970442218681
76.31662352320856
87.92449980124817
88.23191996238457
92.78717822484109
100.73227706404445
102.83285954783554
109.79200978926603
109.92262390735611
110.99706006627603
112.8382065295441
113.84593030905295
118.3992918572311
121.79976678003567
122.91855151345376
130.62852702756373
131.6081942233701
131.89711477010098
136.51215055683974
139.35858920040374
140.07133026370184
147.81565425180543
152.48124631140485
156.56872883681766
167.0753296804179
167.4893617350658
169.67940286981874
171.08446823781284
