-3.2791477866389585e-14
3.9569901349177026
3.95699013491771
4.235276180856941
10.256787514424454
11.175413643575656
11.175415476936509
13.878572288355205
13.878572288355215
19.87170012053599
21.169105050253542
21.169105050253613
21.49145224415696
21.491452244157045
24.332170023674696
28.529388893010868
28.529391062374415
33.8204088131136
33.8204400407241
36.357173308436145
36.357174573356104
40.02944013351467
40.02944013351477
45.79988804158603
47.22513137364327
47.22513137364354
49.17905217234108
49.17905217234121
60.6478093409994
60.647809340999515
60.93481960751587
60.93482066768706
67.23878940106162
67.23885648025586
67.84311111562072
67.84312979467404
70.66667364333212
70.66667364333237
78.22833594605633
85.53422195992027
85.53422195992074
87.93962690066992
87.93962690067006
91.03472693592144
91.03472693592144
95.8915443556936
95.89156021892292
99.49342890293109
99.49343418732872
111.10198448841211
