3.924985336745124e-14
3.6693506041009174
4.405502842884914
4.405502842884951
9.86819425764496
12.722924980712847
12.722935354480661
14.096505044105022
14.096505044105072
18.281591272152955
22.856470621421806
22.856470621421884
24.464912001793046
24.464912001793067
25.735174390797955
29.6700248688984
29.670034253718438
36.03307753162429
36.03307753162439
36.22606371189839
39.554543945346204
39.5545649665379
41.49796704797413
41.4980074838283
49.13432166567849
49.13432166567857
57.29027740639771
57.29029762049874
58.099996543599815
58.099996543599886
59.67199410731006
59.868399061329384
59.868399061329576
71.76272258714654
71.76273828199731
72.47598573261926
72.47598573261946
80.17337151468806
80.1734377441046
83.34184403896856
83.3418440389686
88.3244512807808
88.32447087285821
89.657780975386
90.73876818644186
90.73876818644224
97.87477486152599
97.8747748615261
105.80971455686468
105.80971455686496
