-2.638861351655919e-14
3.6537858237101988
3.911802213327736
7.24499331546093
7.871039556930665
14.231753839102444
15.668947105042378
17.67031818281794
18.414115640751596
19.005970805459704
19.77278396586544
28.723097395694385
30.90187315546678
31.996235888947442
34.199434899772086
34.84766215945693
35.78908843948814
36.834235011057295
40.6452240646137
45.74957547516398
46.97754612413966
48.56922893256476
49.63925242013646
55.35109006641731
58.41076488254557
59.48876785401716
62.062406320353716
62.32727935621608
63.81241894308113
65.71699105505668
67.4227254803628
69.0242141072164
70.81859733006684
72.20852434225256
79.94268527361072
84.41397370604143
87.00164462324503
87.636095986917
88.65321552240368
88.74850989124238
90.82445783624475
92.41067429127058
92.92870678341266
93.38054007641564
98.39436624549452
98.62070859709146
103.35044222123358
106.13238953297962
109.98076690008823
111.76555321241167
