-1.8963997039378455e-14
2.30544920971412
6.044749724462539
6.899075726317545
8.996513347511483
9.651697202666707
12.174792587910236
17.34930942302205
19.349166720042668
21.288493776219696
22.160572851632995
22.711888383739378
26.96330934448811
28.89105363639676
29.194682321265667
31.994534974726943
34.25974245891117
35.939521780431704
39.67876181095252
44.37990887373232
45.695279981934796
48.01362256733127
48.90501641595073
49.33907065847657
50.90013166080514
53.66505133493839
55.49562648004838
55.82608006062904
61.227086327717956
62.2256693047907
63.392832053128245
66.80970170828475
67.67486120970622
70.45743327581685
75.10423516068371
77.2723002312441
79.15989057056503
80.88365747228858
83.72402630558378
84.00117344064034
84.50389488073226
87.63678416345344
90.87875764079222
92.13333932320668
92.1952701063225
95.51039011982162
97.21099292278728
98.811221845414
99.86208602539426
102.1393731270058
