1.3199510928707525e-14
2.242010245189202
8.606089297238704
9.495137356783045
10.575969073449963
12.961894040641743
16.180855638984024
18.133809946524114
20.027282294948474
25.24273983188607
29.576120826403418
30.199343979954545
36.00595397902499
36.12428586289501
36.95380284554289
40.61837089574599
41.25776081112411
42.1523651006282
42.9637082061547
49.893362482333295
49.92827829288735
49.95065108432277
54.449402392167045
54.918320012756595
61.14207657965918
61.39073925275533
62.4482636002904
65.88299003906248
66.00207846151164
72.05089324463492
72.80129153313743
74.38540794363313
74.75245474894042
75.40436092720711
77.26076174168615
77.93128841392613
79.7260101893009
81.9369895727225
82.9845338194941
83.43974963060094
84.61586443653663
84.76325421145269
87.12302725288174
91.77107061737617
93.96146761403325
94.939787017674
97.91687109519499
101.81633396419214
103.49018615603715
105.466025955309
