2.9559688030644793e-15
2.2441404036845674
2.244140524678112
7.115897652686118
7.115897864900776
8.822700119053156
10.128294917850615
11.410175261556846
11.41017546103135
13.742374492904943
13.742375860040665
14.996808981649941
14.996809049183035
18.375283143244275
18.375283551828336
22.159870832460943
22.159873765450232
28.246067208458953
28.246068011279014
28.56503304149292
28.565034095194402
32.29329078266945
32.29329554846308
36.31953356511378
36.485705463652245
39.72437357288168
39.72437406252884
40.12630331415728
40.12630609139326
40.30813555461903
40.30813645464867
44.01095590203222
44.010959908340105
44.694641448437345
44.69464240921999
49.777711140433986
49.77771321814788
53.35429283032525
53.354293853029695
53.6830564279263
53.68305786145381
57.153346809755504
57.153351596992785
60.976736792360015
60.97673688107062
65.39348907120646
65.39349068468448
68.74213267418233
68.7421368404077
71.53890341582535
