-1.0356299151581538e-15
3.404909531698505
3.404909846578548
5.0694637654406245
9.28204704419688
9.282047182297678
12.159203617041591
12.71604308292902
12.716044225313116
16.577028820760837
17.19155578672032
17.191562433995145
23.35511138567761
23.35511148292963
24.54061128650283
24.540612893348662
27.062241888805357
27.062273350601295
36.14314618420951
36.143147252970785
37.71070226774289
39.0139448849694
39.013972856172636
43.87573344319622
43.87575766664465
52.04721642439684
52.04722819212271
53.115394460875926
53.115446917259085
56.600948131547945
56.60095023446207
67.48557282669731
67.48559342772708
69.39440004498626
69.39445518213002
74.25322225653812
74.25325598612503
78.52646076678016
78.5264614714412
80.42189237018269
87.85587028184361
87.85601134338809
89.05018593898674
89.0502089209889
103.28922702690397
103.28924026030393
108.49111153369476
108.49113220657418
108.76622660079833
108.76632010430319
