6.1912280857612245e-15
3.15348803994913
3.1534880656730926
3.379863831123108
8.352129183117807
8.352131238841398
9.051238581187144
16.138393055246958
16.138396129019817
19.48123609938601
19.596375596837014
19.596376143369092
26.426449604781997
26.426449721664923
30.364309281756096
30.364311235012206
39.23439744873108
39.234400835496714
47.076347730709955
47.076348702449366
54.51933726975865
54.51933905922592
66.92268737048285
66.92268898443085
68.77770320895468
71.26577098960087
71.26577955980069
72.18659387941905
72.18664637744642
80.01892472731755
80.01894661060095
87.9119362625361
87.91194337838252
92.10786108451101
92.10787840737227
95.98865618475574
95.98866950374506
109.96111098678702
109.96112256145423
114.13048023923292
114.13048234842218
120.7817657349925
120.78177812544533
133.54746379276662
133.54750408106648
138.0823105439041
138.08241494072263
154.09720443467134
154.09721011426024
158.90739082524448
