1.2170993379800876e-13
1.493089725762725
1.4930899762555534
5.872436592099587
5.872437128957787
12.86169504544305
12.861698758887702
22.08001009786267
22.08001092889448
33.14354599850588
33.14355350112807
33.21080274598426
33.96109536252147
34.71742538763385
34.71743142292422
35.648370198277874
35.64837588037547
39.20027389534342
39.20027623414732
40.74423132851609
40.74423448593535
45.73931407050414
45.739314500413336
46.55010128181151
46.550110849723346
49.32851497965511
49.32852649591348
56.590973188573734
56.59097882686851
59.63118798521505
59.631208108235164
61.45844229343502
61.45845990193981
69.08910474152347
69.08910888569397
74.6231596062985
74.62318328499299
77.07256739091916
77.07257901925766
83.76451457605036
83.76451563901651
90.52378543553266
90.52383628302529
95.92457404831416
95.9245902720486
100.30426035029512
100.30428168158454
107.1288348821243
107.12886122166597
117.58776133523249
