1.1317162484925092e-13
3.2660404486026695
7.659990185546908
7.659993411374533
10.464935268059325
19.2585510608405
19.258555724344266
19.696309172357523
23.235011588469202
23.23501751466893
30.998965109368907
34.18362982249465
34.18363863636937
44.18484764454152
44.18485252096246
45.92581409610325
45.92581473920404
46.71959253295455
47.11476186828685
47.11478763669416
54.78334155935482
64.47866946798788
64.47869415450755
68.99485770901669
68.99485990687394
73.55169816979632
75.56702637981866
75.56705091935902
76.77550216983641
76.77550317840571
85.35690103112462
85.35692350367962
91.11937546125793
91.1193910342578
102.13448027024776
106.22976218447239
106.22978569237617
112.24578099385539
112.24578599436308
112.54962566287583
112.54962790426532
116.55682107720416
116.55683603700253
123.91167414651589
123.9116841354329
136.10332032905796
142.15512120028615
142.15514364485287
146.72469449237488
146.72483092329483
