-4.954370247389761e-15
4.019793191325589
4.263093123985385
4.2630931239854
10.309968368678152
12.105111900705047
12.105119612229325
14.289558964333066
14.289558964333098
19.828462271786808
22.551657804213562
22.551657804213573
22.89497348733987
22.894973487339897
25.250281369277964
29.51018191676328
29.51019060017658
36.32347510616631
36.32347837371415
38.45816944066869
38.45816944066878
38.78496018089486
38.78498588160718
41.172512801819636
48.53345716008615
48.5334571600862
52.20249718351
52.2024971835101
59.81800590670251
59.81801206101566
63.99457436914647
63.99457436914647
66.01402876424912
66.01402876424913
69.41545438351281
69.77710197740893
69.7771118644725
70.22880434609186
70.22890907903638
85.01776467471605
85.01776467471612
89.96459630158246
89.9645963015825
93.30934942893029
93.30934942893033
95.2147407253967
95.21475426186414
97.09268091441575
97.09296153099272
102.23877206483287
