-1.2548989625216223e-14
3.4125169597457368
3.412516959745762
5.126865851564633
9.256428573950707
9.256430072516393
12.320704413043124
12.734779606922574
12.734779606922636
16.697858324743063
17.03874616210693
17.03874616210695
23.613394825213845
23.613394825213923
24.20375367483764
24.20376689223347
26.60781724100783
26.60785996194737
36.358790350359634
36.35879070816806
37.98653168477343
37.98653168477345
38.21757968397111
42.51301545536806
42.513015455368155
51.122051501657374
51.122148622969924
51.920719736803996
51.92071973680403
57.1835914661766
57.18359146617668
65.87979220303257
65.87979295436836
65.8935361983278
65.89353619832785
71.11423770090641
71.1143030668518
79.00608859097615
79.00609711756333
80.85231180132124
82.12664021628028
82.12688088659877
87.91014262767686
87.91014262767689
98.80146859372277
98.80146859372309
99.59600066683409
99.5960006668341
103.44195213354872
103.44195213354884
