2.2147214617795896e-14
1.4890982550507816
4.91902048097522
5.694022961687488
5.694024208535933
9.984351525540863
12.354224215222048
12.354225671755557
16.005751467905643
17.820960431118536
17.82096070555654
20.898805580647725
20.89880854813016
23.036165315681327
30.267106026780382
30.267107755149098
30.44554442460721
30.445548454992046
32.26141895158389
35.76836466379516
35.76837226115854
38.961014478984836
38.96102238962425
41.776197360741236
44.599222073127955
44.59922344889406
47.18376759870003
49.681815216306894
49.68182176780576
54.38494415577309
54.3849517360948
59.333497270523
59.333502604920405
60.01235861753041
60.01236422219613
60.238780509420366
64.55313807922761
64.55314222226326
70.2542721177055
70.25427578441999
74.81360766617206
74.81361141826778
76.85499461588236
82.23724178265256
82.23725378480863
83.29230218751833
83.29230753204187
84.32430356479338
84.3243066716331
88.44921494963127
