3.68594044175552e-14
3.3945833799305993
3.3945833799306144
5.082999615227052
9.237330754470037
9.237330929942635
12.229269263687614
12.673227069210663
12.673227069210684
16.5499429171036
17.075518553984686
17.075518553984736
23.480319798378122
23.48031979837815
24.333006114680426
24.33301968657812
26.817243185168532
26.817248761825297
36.2499324844876
36.249933308555086
38.199826577606764
38.55718353197019
38.55718353197019
43.32070583666747
43.3207058366676
52.01348525282372
52.01348525282373
52.33243473809199
52.33243595671499
57.159878867554426
57.15987886755463
67.10793158303055
67.10795555162252
68.1322386782669
68.13223867826699
73.00774585181918
73.00776927285006
79.11365027887929
79.1136504729134
81.53945809624764
85.91598152774671
85.91617471111189
88.76786585472739
88.7678658547276
103.84552523008615
103.84552523008634
105.5152164466295
105.51521644662955
105.62261896976538
105.62261896976544
