3.5334582482171584e-14
3.6495962312742294
3.649596231274283
4.5728305612814175
10.161744410199645
10.161747184110784
10.577674921263764
13.376166724399985
13.376166724400006
18.383316951014194
19.08865160951281
19.088651609512823
21.114154200317824
21.114154200317902
27.00290984582057
27.002920289920304
27.1948584208185
30.346391307064067
30.346400777441588
34.275823640362695
34.27582607620929
44.02614800664786
44.0261480066479
44.14882754597846
44.14882754597853
46.04026006285609
46.04026006285623
54.166891179319144
54.16689117931938
55.17325453354247
60.170292691514234
60.17030050167123
64.8338285889546
64.83383059144045
65.90365648455195
65.90365999965756
78.77767336469239
78.7776733646925
80.64470218169582
80.6447021816959
85.15961440023435
85.1596571466878
87.63673399960689
87.63673399960703
88.76902485213768
88.7690248521377
95.35020984377344
99.81917477619379
99.81922747696092
109.53237276094343
