1.0361850266704664e-13
7.3547415077631
24.349437485901475
28.433233873927175
43.52695197837643
51.319053604067285
65.28142343400356
82.524375332705
87.21510902650323
98.85916196546074
113.49190212221586
120.26305505423946
132.59524766068864
133.16450564161477
158.9096775647612
169.99716534880963
184.263980560435
186.2309396629675
194.69291206530048
215.32203571048535
225.6380927089238
235.82397347678685
244.681928174308
252.99724598276507
258.7603351520728
271.4190911128308
291.7928578426164
299.6991776994255
312.0012903143517
327.4335848031103
332.5252010999247
341.87276108290774
355.7639914442296
371.2613441950802
374.64882233742736
387.66237024225745
396.9330334953555
404.829937621014
410.5261195225534
433.29223599263094
446.5600835185056
449.8414340149067
456.81682727105
471.8566190911242
478.2670201242915
498.7392249756866
499.09684651493563
516.2778118396274
533.3376362480901
546.9070928817574
