-5.0133508455729725e-15
2.915645164736268
6.01817535438361
8.716150723324166
9.197996203791824
11.21615439061865
16.999334678138023
17.716754577251404
23.184304949332006
23.53356886882021
26.009382243119546
27.053669764862942
30.00521858847264
30.451842438232166
34.22844904933117
35.00506988673031
39.22236145578553
45.32087557316254
46.4166907569136
47.13288589752366
47.777086793164116
49.5921021809006
53.29815649282854
53.512754131189126
54.9877340069589
61.54232883446813
61.69485575421355
62.40972547452875
62.66713833354191
63.59678010121476
64.22894431077434
69.81194531550433
74.24218046254869
75.32289625609886
76.32583608946861
77.96833087145129
80.95083010635332
81.27842825473829
81.80055120714661
81.85676803042232
87.36615830822531
88.31511701605262
88.49343534769423
89.49336059088373
89.85681765520133
91.06156906069451
91.83472821695622
93.63518356759144
96.06583028383906
96.08571673094428
