5.773159728050814e-15
1.8162422347458231
1.8162423588271366
6.788598101222122
6.788599582252021
14.04523634544477
14.045239565673976
16.373707641086252
17.289364423752918
18.24587053504888
18.245871378346983
19.744091805159155
19.74409294847737
23.145280671488795
23.145286168841047
23.75545261876078
23.75545537525108
27.405891138232494
27.405892669730076
32.60603667991461
32.606043645283485
34.033215282742674
34.0332188682466
40.56784619785417
40.567858825840275
44.384049367567016
44.38405628696675
46.7155154957478
46.71552785013615
58.575776990514804
58.575789107114566
58.66210950810461
58.66211036235128
61.1659460742134
61.165948361401334
65.27913367308727
65.32255763855608
67.36650287898925
67.36650749580284
67.44279828773908
67.44280107386598
73.63879109468994
73.63880126801276
73.87001476057596
73.8700203622011
75.08645708668422
75.08645888826034
77.3289589932908
77.32897347200073
79.85234889243546
