-3.17280923756158e-15
2.41928995834994
2.4192900178661634
5.797034853187476
6.983865769204566
6.983865809380617
7.71101322357475
9.341189548458043
9.341189592498568
13.50551276836157
13.505514530063731
16.98658446410046
16.986585075177665
16.990826173651296
16.99082637886891
21.984995032728857
21.98499503697374
24.610207783708283
25.160457486204738
26.719675361109754
26.719676697041272
29.774857385387634
29.774857558588174
30.729657953654975
30.729658259852073
32.38770506617171
32.3877084208117
35.8294214833507
35.82942312244081
38.36101456781747
38.36101467583496
43.02518079309042
43.02518367898502
44.67175561420536
44.67176243516982
45.12880966841098
45.12881009527413
51.89131779394896
51.89131968872642
54.736693020642
54.85221811339285
57.96813743196401
57.96813788594746
58.7877326149553
58.787732852433564
61.5819516506721
61.58195172006407
61.900144502252786
61.90014475946798
62.035508065533314
