-3.3063829452117943e-15
3.6850186684642625
3.6850186684642834
4.624143814945167
10.215215184957666
10.215221576820676
10.709872512791636
13.498586146549638
13.498586146549652
18.72104964004961
19.066714830639956
19.06671483063996
21.329614028149486
21.329614028149493
26.93584440483987
26.93585965798593
27.439727649388935
30.041754041763667
30.04179167568616
34.386749265344264
34.38677088229592
43.09006952836783
43.0900695283679
44.55121548311545
44.55121548311555
45.839679518223576
45.839679518223605
52.89185896316921
52.8918589631693
55.6451768275699
58.07671033803456
58.07687534653302
65.37978223902249
65.37980815238264
65.70570242870423
65.70572206864938
74.78246540884595
74.78246540884598
79.82355508163843
79.82359357904174
81.40491015902099
81.40491015902113
86.81581115679016
86.81581115679022
89.29408689904402
89.29408689904425
92.90723276393737
92.90754040169911
96.28196147827038
109.71019693328091
