2.4284393940199323e-14
4.080270170036554
13.560873996726281
28.148971799819556
47.4534984750374
70.97400454351758
80.25062959602913
80.25062959602921
98.12398968411426
123.33985193373402
123.33985193373411
128.26081033772357
160.71674898354448
168.684313786584
168.68431378658414
194.82275059138266
216.3757247802468
216.37572478024748
229.9159267995665
265.32963750395686
265.7148008235199
265.71480082352
273.2507853266845
273.2508112609179
300.3783319831047
315.71743139291004
315.71743139291056
334.350433062277
360.8574186994746
360.8575203107916
365.4889136287419
365.488913628743
366.51778115155884
396.15476652805063
413.7438466138447
413.74384661384534
422.560143601845
442.3447237658671
442.3447499505343
445.06896290268674
459.4089343555423
459.4089343555436
463.0251421341468
475.5712656555501
490.0242582184798
496.18985718125714
500.62008005629497
500.6200800562952
518.8983264689866
518.898369137252
