-6.07708328104195e-14
2.398209734056306
9.4937609617484
15.047854694498433
16.90084703501883
18.049932616193768
20.99477308934931
23.738021147831272
25.418934628009552
34.96781075951578
36.42429953175344
37.25334142957189
50.317099054355324
53.11693331311637
54.99068584135706
59.17617178886975
60.53144551892187
63.782040584960214
67.24026906502618
69.36940863994606
70.7565601322707
72.37883678409676
77.73087840128083
78.28436350664894
83.30883523118221
91.556165651709
93.42123412570473
94.26703315391093
99.44290027837928
100.97886737985169
112.26170824601331
116.15996550515023
117.80567980926469
118.95234096689319
125.94119840218912
130.86900272481716
132.46842015564172
134.2568892755043
136.88700667319253
138.96269286485628
140.86180524013704
141.13869509924976
142.44166574041986
148.56772451512526
149.87599418411867
151.75626986272627
157.94391668147694
158.70461512411322
164.83505458712682
165.08327877912936
