-8.179221189230645e-15
3.3912951324896796
3.3912952144205124
5.015353745458879
9.24916159939525
9.249162560193392
11.931233268287412
12.653168786270276
12.653170466716487
16.472588276388244
17.134698428292193
17.134708065194665
22.858939765047094
22.85894014042119
24.466183916796147
24.46618740995184
26.978037762321474
26.978039426114545
35.321006857130435
35.321012522381096
35.61555798436827
38.9007003275479
38.900703663643064
43.67066532985357
43.67067534114149
50.92954469153562
50.929561972513355
52.97468571208996
52.97469853723461
53.63668768803292
53.63668795071398
65.98764603241588
65.98765036612522
69.23215892026136
69.23217020162394
72.72272437346456
73.94337981705868
73.94340971585906
74.23953655208149
74.23954136077006
86.62533343449762
86.62534455130346
87.68337053521414
87.6834341078651
97.38822940050213
97.38825783927896
98.83567944524378
98.83568786590537
108.32575503919055
108.32581151707579
