-1.7104373473131318e-15
2.233767784209454
2.2337679206443077
2.700198085160147
4.084696304251854
6.292978685162791
6.292980035598518
10.577999103124112
11.51793147845757
11.517931825809907
12.96594777806398
12.965949116927678
15.945466533099953
15.9454689569019
22.115201816361953
22.115205252517566
23.25732038462057
23.257322584842303
33.35306685393
33.35307077558158
33.55177926458452
33.551780773832384
46.0933891481564
46.0933896405547
47.041652770384495
47.04165777817507
51.2679359575784
52.47582395452396
52.4758243632162
56.19442426384303
56.194426076802394
61.301347812163606
61.3013563452037
62.31747131864304
62.31747508193477
62.377800888683595
62.377802248085914
71.00476324941101
71.00476655370696
78.76410336588434
78.76410535338266
79.09562180852916
79.09568467881124
82.04484627261819
82.0448476642171
95.45451900150678
95.45452470727926
97.0955735929284
97.09558486123922
98.23498833974843
