1.6477248385160514e-11
3.258238766894965
10.907192359939694
22.887419688433724
39.14423827909225
59.605058501754435
84.17882920545502
112.75621040596693
145.20946412872564
165.60342249745446
165.6034274558553
181.39281955702896
221.14285989288675
226.5312019441863
226.53120832487937
264.27869719752914
287.8159124453798
287.81591526675015
310.60346197663034
351.3902304191327
351.390244299601
359.9051936752722
411.96027209781585
417.76402349773684
417.7640281248884
466.53647746088615
487.04904265640243
487.0490457119218
523.4006737916575
559.1908829500493
559.190894870797
582.3260727749439
588.6076250554099
588.607640220377
634.0480286659823
634.048031119741
643.1017910329862
705.536228528084
711.4229693400904
711.4229730678859
720.8796492365869
720.8796602113454
769.4626295208255
791.0792966728981
791.0793030227863
834.7298022258493
844.0488038851162
844.0488156634855
872.7481439702888
872.7481451286848
