3.008357452038979e-14
2.3597344614770956
2.359734687266825
7.085367301253873
7.085367904305068
7.203562111755012
8.734193702714013
10.182816938857934
10.182817352805559
13.688070374419048
13.688071154837129
15.425485821260445
15.425486133000664
17.60208643329839
17.602086539490067
22.233708414513046
22.233713740167705
27.536687482431216
27.536687948676963
29.85357437242777
29.853576689716608
29.978145089815595
30.260142349336707
32.69239620999289
32.69239755897611
34.33707892832699
34.337080952967284
35.84019674733822
35.84019697630318
39.427137222212075
39.42714303945087
44.26927761970905
44.26927793007931
45.017879547344634
45.017880247845476
46.57475083971508
46.574753242567304
53.19013291800852
53.190134897063174
56.0780094452656
56.07801698903662
59.15511039943092
59.15511656439695
59.7987059135919
59.7987130106991
63.61790213452052
63.617902200563286
66.70605145024452
66.7450065953952
68.78271796984686
