2.491062911502695e-15
2.4115721097287643
2.411572946221032
2.8121117108607807
4.111745388192978
6.5091751191326574
6.509175962448607
13.304107112882631
13.30411126183031
18.36689706337769
19.563324341236463
19.56332696298338
22.744580663187307
22.744582507644527
23.940047125937312
23.940048667138186
31.20956891626196
31.20957530949994
34.75774397164483
34.757756370088906
41.33448845736898
41.33449117545366
49.24948152464718
49.24948750395922
54.26264146026595
54.26265922720741
66.10422925900758
66.10423896754108
69.92737640085174
69.92738600770959
85.18518266981353
85.18519525061068
88.24776542856783
88.24777510912651
106.33499866333037
106.33503256362731
109.12899961072829
109.12901871219022
129.37753271030533
129.37755929725176
132.46277582265168
132.4628188336643
136.64891286212958
137.78572832314512
137.7857320206529
141.21939386881917
141.21939519919056
146.93623715842827
146.93624107918663
154.12077299573744
