6.09061412415457e-14
1.6931566915290555
1.6931567517654802
6.494565097209712
6.494565245323687
13.77432626544416
13.774328512189545
20.460083452783273
21.320937280855578
22.186682465153382
22.18668323434297
23.001123761753963
23.001126386466247
23.440774593627996
23.440775493232284
27.301975834097984
27.301976191937392
29.975327341965308
29.9753280086881
33.946564393682316
33.94656847109098
35.62058390238674
35.62058799394601
41.236580643268404
41.236586040944175
46.541420799430824
46.541428348268255
46.86113975279833
46.86114186358693
57.195127048730384
57.1951279152767
60.686466761759704
60.686470618225606
60.73069557814112
60.73069642738363
76.4314925284797
76.43149586931438
76.75054010179136
76.75054720693655
77.23601560051402
77.23602528378181
82.53345332317909
82.56447174735737
84.40708357850656
84.40708716134088
84.45417255912669
84.45417511239343
90.02607468673871
90.02607493571792
90.14080042828992
