1.1739047234282651e-13
3.1624862928083375
10.44168272455082
12.020688129840615
12.020691000619086
21.172119108656855
26.121153778488676
26.121156410397514
33.896368617079446
37.66740212136423
37.66741830118724
44.21387650065147
44.21388143616443
48.790390010392315
64.0173819722313
64.01739528669775
64.39228138659304
64.39229002903599
68.33936497500241
75.78269426761486
75.78270537210278
82.35265262981137
82.3526713928153
88.0853146196212
94.37103213862748
94.37105107171426
99.67448693859369
105.08536590854028
105.08538000236359
115.2113958664473
115.21140313283271
126.1536149761124
126.15362063596041
127.08850279734494
127.08851438006971
127.51777707992821
136.54973383928692
136.54974276627826
149.0097442529268
149.00977244266372
158.47464342883805
158.47464979393706
162.5768161053822
173.886021486328
173.88603849377895
176.22175595517248
176.22176101612342
179.1267491087283
179.12675104461147
188.92609508260767
