-3.6664421498855404e-13
2.839405062101365
9.439555351875825
19.60308287290074
33.066828616127665
49.49182968751916
68.47550405209846
89.56673054121075
103.56728579318018
103.56732837617572
112.28204024279884
136.12030826436614
146.24646118466276
146.2465022301913
160.57363355350458
185.13413227413167
188.44981328470823
188.44985639500433
209.29283572189377
230.62329545567758
230.62335097572716
232.54140712839575
254.37113712864158
272.1366619551637
272.1367203551554
274.2769581325661
291.7659527245387
306.35967699409974
311.9690574235089
311.96911977207407
317.57853687381447
324.8565048460065
338.0788267361082
348.73728201820245
348.73733175063404
363.49795049578273
363.49796994524706
380.8992021571584
380.89924334750987
408.97821304275527
408.9782307705096
440.54646708457386
440.5464673600126
452.56201415161377
452.56202323746913
483.6966753484497
483.69668214086806
522.7317857732857
529.5135447107127
529.5135528946145
