2.0795865030009963e-14
1.5147552052104696
1.5147552595630094
5.959190807433154
5.959190945260995
13.06046094000425
13.06046168025633
22.455908267704622
22.45590837178704
31.0696326801883
31.830411003679345
32.59810545981857
32.59810609703435
33.55648780222342
33.556488715785065
33.808578712375315
33.808581859527564
37.15561479202564
37.15561534790889
38.78923205457156
38.789232542874736
44.659762832554485
44.659766120248094
46.88161088891138
46.881617372017416
47.665358086233496
47.66536035059891
54.9777278690934
54.97772795048016
60.319872978269125
60.31987551388416
61.53043597244013
61.53043895091152
67.93308690367529
67.93309324678418
76.76891431255794
76.76892652589954
77.65385639634891
77.65387805174784
83.31527560360644
83.31528037400952
95.15499923142417
95.15501014395325
96.83281945524399
96.83283791177574
100.89082653152471
100.89083417165556
113.9239817738919
113.9239929771131
120.14194245761634
