2.3453461395206432e-14
3.403148149076808
3.40314871046308
5.054455471179805
9.280847880812907
9.280849465061628
12.098889087592628
12.709139180367542
12.709141598954133
16.5628693567865
17.194845604204765
17.19484769141784
23.23414792161584
23.23415315106148
24.553586849657897
24.553591240948872
27.075816920301595
27.07582254189814
35.973007326663776
35.97300865755517
37.264790923248405
39.045510303308646
39.04551518388155
43.90353162303174
43.90353354370753
51.8517607256375
51.851761171399566
53.17538118001686
53.1754367435653
56.01571984246408
56.01572758666683
67.2723535807256
67.27235379211434
69.49672159747111
69.49677121538487
74.32913001511483
74.32913706199102
77.75332787070127
77.75333147794292
79.04604052170738
88.01856493466457
88.01864592397534
88.68957963434868
88.68958359409314
102.30348115127862
102.30348359476442
107.12083507444662
107.12084825200205
108.73686903564251
108.7369536407569
