1.0931845706441123e-12
4.008659738999693
13.340911909650876
27.748007925312137
46.9005761103428
70.37164656657168
75.15003636384488
75.1500536204445
97.65217659262083
116.4862080265628
116.4862334883068
128.17323221755657
160.50693893122573
160.5069538142592
161.33427847779654
196.53062101267957
207.42051078194015
207.42054807389968
233.17165410344637
256.595040128823
256.5951036240607
256.71093304843765
256.71096536312086
270.6822548825417
307.63449115858737
307.63452343805005
308.480931196097
340.9799964368615
340.9800682821215
345.9590257990724
359.34548564107536
359.3455226501606
382.4749252415178
411.0068958436387
411.00692839763957
417.3618346594134
421.03611334827605
421.0361881253814
449.963079049547
461.646763202957
461.64679998906496
479.66608792712196
498.62427986764794
498.6243610396356
505.9401482761448
510.32208276021873
510.32211488670333
528.3753806800272
538.1349326871759
538.1350556739554
