1.83098328165876e-13
2.0843743982895653
5.4500082143661315
5.450008214366154
6.745926450905088
12.975118550302925
13.227667186118135
13.227667186118154
16.660674350476206
16.66068241742058
20.236186051894443
23.3215290543447
23.321529054344783
30.43168789256599
30.81025067761952
30.810257589119605
32.65914924830431
32.65914924830437
33.08143698910601
33.081436989106095
38.35183803903294
43.236615740464245
43.23661574046427
46.89974915379888
47.566170382937884
47.56618025596708
53.98486050311044
53.984860503110454
54.612339651043534
54.61234176448886
59.92607491677305
59.92607491677323
60.81693606683378
60.81698208669102
64.3511122750617
72.34074839129458
72.34077560650142
77.89383919907198
77.89383919907213
80.72493129388039
80.72493129388079
81.33345150210502
81.33345150210504
82.4518985329636
82.45190195046337
85.42506360735354
95.08184270028201
95.08185620198839
103.26515616137202
103.2651561613723
