1.8752360775309285e-14
3.389888263430231
3.38988886532067
5.106339615439609
9.222521996385787
9.222523835442182
12.342424996492964
12.6503438136545
12.65034756632843
16.50900803547269
17.055755815881515
17.055761903679105
23.71323351192836
23.71323857569719
24.300258914182283
24.30025927437992
26.816840834743658
26.816849972286956
36.52167920332365
36.52168177814195
38.62588653661501
38.62590054937569
38.9597651402432
43.441450764772114
43.44145882255177
52.32080408328803
52.32081462525705
52.550944545474934
52.550946258843815
58.02441900666779
58.02442644382329
67.5591787297209
67.559179860293
68.61845124944924
68.61849273372961
73.56525948564258
73.56526225101585
80.0321838895755
80.03219138925519
83.04370559701137
86.8317520540081
86.83185993668589
89.31568986656065
89.31569679649739
104.81927965267707
104.81929238933691
107.18019583746141
107.18030065086269
107.2643752482682
107.26440088023723
