1.65596703016746e-14
1.950738452152671
1.9507385398280286
6.983778545711406
6.983779191475884
13.309317743113317
14.009123960815238
14.009126357979538
14.332949614675039
15.361847323899113
15.36184778572684
17.280934025795734
17.280934322738673
21.308214002116287
21.308215163225622
22.762826805300612
22.762828184273086
26.52379776944887
26.523799872164528
30.59921479429671
30.599217662782486
33.235788853192645
33.235790045364965
41.752540792263446
41.75254494452296
42.56966486396907
42.56966529352665
45.3700253122699
45.37003005042497
54.01948382645703
54.08711001213296
56.39776806471474
56.397770796004004
56.53666026505561
56.53666055957712
56.66499826492096
56.664998544071146
59.057962580263
59.05796645096613
60.736277910985876
60.73628025088169
63.53928926095691
63.53929407027098
64.05764575684812
64.05765019235304
72.51895962270308
72.5189598692568
74.1634432558872
74.1634458721659
75.39089949160488
