3.483376781465708e-13
8.049707236312607
26.64329229628787
54.96472387658412
91.89539588980466
136.00716473381846
185.6218572849714
238.8832229133801
293.8261914435989
348.4470612505383
400.4537329681536
408.3924324962779
449.2439718867478
481.9536237625637
491.6627326640009
526.8110950936244
553.4209039426871
569.9265328748884
572.1060864760277
595.2844457170378
635.4669208177583
710.6386540280221
773.9309308596396
830.399961286909
897.8385036277909
920.5331250680536
1013.8257710332887
1014.3676055660213
1147.884946377999
1150.9058849935413
1332.2973875650903
1337.0375760196102
1534.7276442071702
1592.5050081158456
1600.1688442161415
1609.7324903653268
1738.9186452875558
1849.57619747544
1968.6064708024053
1973.4243604819878
1986.5589431887342
2006.5302881980972
2238.054185920244
2245.328083634364
2559.0348560179837
2565.0555249879953
2577.3509126278077
2583.3722805205525
2984.689778294702
3002.1324767851247
