3.975986206938842e-15
2.268826089561689
2.268826128315101
7.135853204822455
7.135853683899531
8.480221819986804
9.822256603943172
11.129209590575323
11.129209645431224
13.828933236741069
13.828935426541346
14.967578076574087
14.967578129127515
18.202909350268587
18.202909897345915
22.4436014442112
22.443602206979083
28.18378740776023
28.183789535831806
28.87644812663471
28.87644826364522
32.973040345006254
32.97304536410291
34.99783361840797
35.18258278416951
38.54319930769208
38.54319937126413
39.23449713574121
39.23449773706495
40.27363790599388
40.27363874889362
44.796827775245646
44.79683119324623
45.37655961398365
45.37656216752941
48.989188961023814
48.98918959506841
53.358489236686225
53.358489369422166
54.261767571922654
54.261772807958614
59.60259185988631
59.60259419367679
61.11135713643651
61.11135814297728
65.06884459154708
65.06884867275882
70.08647105521055
70.0864716945241
75.5913604509314
