-2.9837243786801082e-15
3.3927250808454965
3.392725651981535
5.10888602934722
9.228475063137045
9.228480255389929
12.344544771421022
12.661623904978663
12.661623948808494
16.530794918377524
17.06095444132743
17.060961055814932
23.715146584658054
23.715148666947098
24.302830829491565
24.302836930133118
26.810847509992612
26.81085016227306
36.5331326291367
36.53314214075104
38.59001146388929
38.59002242736558
38.95904838027417
43.386351139443896
43.386359092207655
52.33138003654069
52.33138793911293
52.4562352229572
52.45625626397489
58.04944842062708
58.04945401459838
67.50154246634354
67.50155858733478
68.42350258892145
68.42358376289069
73.38243197786149
73.38248740823472
80.10397403036959
80.1039921943765
83.17213934509135
86.48050712221921
86.48056053559287
89.30677625787523
89.3067821365294
104.93929868693773
104.93931233284762
106.59231347207616
106.5923854519933
106.59951908601099
106.59958133176839
