1.4988010832439613e-15
3.4180633223375807
3.4180637048581715
5.0317603105257795
9.328570762148331
9.328573937328004
11.975900656759723
12.768545692979288
12.768546023749145
16.671809800415097
17.28374288093146
17.28374659818972
23.01237075866099
23.01237109446495
24.691442009644568
24.6914483543887
27.197740608790497
27.197751798849676
35.747333170218646
35.74734319674443
36.44677626846039
39.17016800692388
39.17019412867509
43.9900819300247
43.99010787388299
51.674146073085964
51.67414942681196
53.24563499113402
53.2457202444667
55.12038331510954
55.12038552718797
67.03860362143645
67.03860754447817
69.42314281130908
69.42315192510426
74.18959076623678
74.18960284310393
76.86386346468882
76.86387543010227
77.48191324589635
87.67357371056163
87.67358564909921
88.3981568514405
88.39817257173625
101.44784937921689
101.44785386955247
105.53174461544491
105.53174891001076
107.94890452751592
107.94895904552135
