2.733386433861895e-13
7.942978565745734
26.297952475254355
54.27537277641697
90.74908020955654
106.4620736875802
134.6181456379925
151.26965474391366
183.73707478864708
189.5328640112586
230.88500412577721
236.94585319325589
269.29702311020327
291.8462825362808
313.24355138136497
346.53147875526156
350.406258903406
390.1855078192536
397.5974698206509
399.8417025865387
434.7171886863393
448.3430220023991
473.72096127489345
481.39265767739795
491.2937842914969
512.8722425427759
527.6344267862593
549.190023773605
555.4586748339572
560.9107054975419
572.941737625649
585.2159467267969
597.3580797139234
623.5021983411796
631.5642437712254
642.6984228060652
682.2584949825108
693.2952735255633
693.4954977155411
758.6725558663511
768.5269697661538
770.9775453023741
795.7273043059171
846.4227844159401
879.9770086734455
894.5371967888552
896.935866014215
899.3819392924244
952.8846136828955
989.4992764567801
