1.0725795251964598e-13
2.28698411316899
8.800610367816383
18.561639782631786
30.13717824844484
34.249590630940325
35.784955954795635
37.800707735625025
41.905415119300805
42.124663640068796
44.84611104751553
51.97724444014171
52.35728286425981
54.949698889371156
60.36089348790254
64.20955468911644
65.2916041297125
66.75746957897427
77.20117335827308
78.55876751518947
88.4882717132346
89.13109689484438
95.60846615717192
97.47046120578709
99.26572890441948
132.2009836953
135.34998293164293
137.61737457388625
141.51638409778144
146.30375000339865
149.7648449237576
149.76575783332726
151.16632456623836
157.4834455339316
163.248564796108
169.8809636228626
176.21677249292134
181.89186693992312
188.12156555302903
191.83311663766204
196.81401912009494
200.03067866382514
200.60390557254462
240.13532079544927
240.1374410759684
288.3760790826532
293.5593564795248
294.6083028645344
299.6535561655547
304.28655420594777
