1.0333400801698644e-13
2.296518455978675
7.639480347461673
8.697797012608943
9.079695081376814
11.10926884540499
14.339321864784367
18.711128118253217
19.980496365384717
23.936437100587575
28.974857755437228
29.16311887720437
30.766782075448386
34.11289302725563
34.25693833749078
34.95674986634526
37.62090969178357
43.328733897698605
45.03711465124341
46.92076781816664
50.213935681715604
55.3750602426731
57.01737339781674
60.58058118844757
63.257725995792406
63.82419177219107
66.0584989843086
67.59592057568359
68.64552834876743
71.3183365442013
75.27170191309482
77.33864639201971
78.41513931871667
81.6760866842876
81.74718675621618
87.71594657165225
89.3073411423943
92.56188822120907
97.93674560914222
97.98453405135676
102.88372271212376
107.08918089771075
110.0754354968177
111.14238514624671
111.17632627904685
112.22886610867543
112.61999539916128
117.71102261624857
118.49178086232463
118.71988057927553
