5.740199982007255e-15
2.26836334964185
2.2683636155843145
7.1197416660160595
7.119742105707785
8.500643217411703
9.839212322024586
11.150511508495864
11.1505126976878
13.75299899429104
13.753000573628377
14.978973269919353
14.978974272608392
18.209252037716972
18.209252916136908
22.22530342938094
22.225304153638348
28.12193794863943
28.121940814506832
28.860594271893696
28.860595219067996
32.4789127867815
32.478928224046285
35.02063498789389
35.20228822987647
38.56474612589821
38.564751266949386
39.24737791187725
39.247379350010945
40.04396619552875
40.04396993047006
44.40989290372843
44.40990282121955
44.706008526223904
44.70601320958102
48.9817232332733
48.981726622778176
53.301463432698895
53.30146626449099
53.70639937183783
53.70640615875809
57.89209839618942
57.89210717558001
60.82493208923773
60.82493296576461
64.94468177332486
64.94469463428541
68.97764883836611
68.97765461348118
72.78110512102876
