1.388056336537602e-13
3.5839347886452395
3.5839348269883056
4.7055268170342375
9.934069776582191
9.93407206155914
10.84802102803581
13.25778152418109
13.257782276755822
17.877675380021778
18.61364754854001
18.61365991604352
21.383450514269565
21.38345192281571
26.555267527887604
26.55526825731888
29.055975415114816
29.553969379989308
29.553979812222423
34.323102223700246
34.32310450841132
42.86719208452234
42.86719908242065
46.03881268059085
46.038821011609485
46.42998978234387
46.429990509703515
52.968887088683914
52.96890602549527
58.62004723833031
58.6200573430659
59.86715335186615
66.15096073188657
66.15096650755089
67.33604430241441
67.33604964917669
76.840384506525
76.84044294976837
82.84357303985043
82.84358965333794
85.91940199202789
85.91940325881043
87.73717785037233
87.73718336037072
91.41195817876658
91.41197509040998
97.5334615945983
97.53351987921009
104.06652785193532
111.74878291782225
