1.580124919797754e-13
1.786970102838954
4.623890494952993
4.6238905771808145
5.785261673214883
11.11210045678942
11.267707684955958
11.267707749213713
14.121286585480247
14.121287148895453
17.35729046882148
19.903446078648766
19.903446238739818
26.200859159684335
26.21250468848763
26.21250542375765
27.814985216229253
27.81499003242218
28.015193096572904
28.015214769088068
32.65910845029481
37.017830485716544
37.01783423670943
40.562445021447964
40.57968651295667
40.57968705239832
45.89291540266075
45.89293070836299
46.20587598426035
46.205897785741975
51.60185697380995
51.60185966785586
51.60911175692613
51.60911704238662
56.035559358935345
61.89676825909221
61.896773315695725
66.46742698340661
66.46743969947492
68.74116188112497
68.74117803289738
69.8570741185221
69.85707431178534
70.0390572017051
70.03907186753032
74.81413469189437
81.8655948028873
81.86559515706375
88.06649323905494
88.06652096110645
