1.8837362225632148e-13
2.8785563513050074
2.8785563513050247
2.9718024857635004
4.4150967009451865
7.276718605174665
7.276720329367092
14.584118985328834
14.584118985328946
24.766551226653615
24.766568390171045
37.77639506881844
37.77639506881852
53.552733046506226
53.55276912315568
72.02181472393475
72.02181472393487
93.09717286142433
93.09719070889298
116.68026471825345
116.68026471825374
136.35647472177007
137.81148433518055
137.8114843351808
142.26893116489398
142.26893917400872
142.66070105420707
142.66081436802364
149.67491809263942
149.67491809263944
159.99487695043922
159.99491030481295
170.91715689944374
170.91715689944377
173.18073240878817
173.1807324087884
189.17091551187758
189.17096411843204
201.31723431198168
201.31743206526147
207.8909429777603
207.89094297776063
229.25342787034901
229.25344976601062
233.71915492102684
233.71915492102724
253.15880148955463
253.158801489555
267.9711199903411
267.9711947826437
