-8.151465613615017e-15
1.9919051590546715
1.9919051824109093
7.034942035073805
7.034942130093526
12.540912122250612
13.592415310704324
14.02362956461259
14.023629897172437
14.652143107307955
14.652143117427647
16.715854244156734
16.715854587860132
20.738142748637333
20.738142995490463
22.77177602453498
22.771777605384525
26.49746792820105
26.497468427885853
30.172316792989403
30.17231764571692
33.29189600649139
33.29189828568415
42.24171762581723
42.24172115560704
42.28190334306297
42.281904733514814
45.535954245777226
45.53595490586228
50.89180801125877
50.96768070143988
53.36982845936081
53.36982901779694
53.535097581113426
53.53509782456537
56.40827625002102
56.408276358983635
59.412482548136246
59.412491043643016
60.81452645214089
60.81452655762853
61.27271970471797
61.27272570741976
61.47683749631667
61.476838299160526
72.35578117851398
72.35578294011088
73.15553437743917
73.15553742052182
74.8065761887782
