1.0227929614359255e-14
3.628079355026161
4.644895067609695
4.644895469497649
10.05103266010136
13.42451325750301
13.424515001134598
14.4973040621799
14.497304618789222
18.290662164203596
23.910183378136416
23.910185586629524
25.72108682205772
25.721090293369095
27.431643998444308
30.615748118216747
30.61575042216129
35.690782760270295
36.44118395900617
36.44118423240495
41.28409632163642
41.284134777882116
43.41022395814247
43.41023307389965
50.721005144930785
50.72100755997725
58.2040072775106
58.367926183822014
58.36792727226808
59.724711920902706
59.72472054146305
60.004441592141
60.00445906973932
73.93097216310666
73.93100434301094
74.25306570060981
74.25309821572613
81.68145701399159
81.68146550331707
85.1563746249822
85.15637934114712
87.4692464106229
89.0725664173122
89.0725753776239
90.10271768328653
90.10271829629538
100.26171390182893
100.26172068647516
106.01589347636212
106.01589813401525
