3.524958103184872e-15
3.1544868943182935
3.1544879903301553
3.4066550630597505
8.251668221625604
8.25167015938425
9.082192400174211
15.694228172834125
15.694230111803513
19.46697773157878
19.50922593715577
19.509230621400306
25.185673759378005
25.185682715078595
30.189624983582963
30.18962959781487
36.45389824703018
36.453927335918685
46.35568920256901
46.355691444248
49.10760084423232
49.10763837852103
62.66613942937713
62.66621605441175
64.90029767116827
64.90031491806079
66.25555793697917
68.73934861030159
68.73937671211691
76.59710352863317
76.59715998654599
77.420349438192
77.42038726529913
83.72083398319052
83.72086557196629
90.34607752520586
90.34616285898207
92.93888542924842
92.93889651955608
102.44022875115931
102.44027130108644
103.36275318299134
103.36279937749174
115.12447333943213
115.12449354913895
116.16869838923547
116.1687301097005
121.06003421899564
121.06008213845429
125.15817525392936
