-6.106226635438361e-15
2.607288862691066
2.6072889889520727
2.8910755152886174
4.228369666720494
6.810678376267712
6.810678734819738
13.778599165108519
13.778604836068526
23.454781322779777
23.45478523383722
33.753460943275485
35.08285360642719
35.08285415589439
35.76105203995184
35.76107149550223
39.469825286193924
39.469826012704374
46.7450297242805
46.74503884809938
50.59801724880861
50.598018269036686
56.85414993365643
56.85415596707957
67.84577499167695
67.84577791184567
69.72168842454558
69.72171371575878
85.2516156052867
85.25161664660772
87.36497452895783
87.36500580660103
103.32798045087034
103.32798229194218
108.99797152252988
108.99802517699327
123.81588654687167
123.81592140774046
132.57014103425053
132.57018796790598
146.56250546110755
146.56256837839217
157.89136737865903
157.8914093709972
171.39820996953455
171.3982636505572
184.75766930968237
184.75791114771172
198.1378243167698
198.1378732451716
