-1.0314665788158095e-14
3.549738536819795
3.549739434530275
4.381173550242423
9.852584347287713
9.852589996072226
10.178238389531733
12.953118858212369
12.953121289141635
18.092424410280863
18.398017683301486
18.398024544135303
20.35986352252213
20.35986660872366
25.73908928435684
25.90265095176103
25.9026519465626
28.98375377951183
28.983763345809678
32.92285219869725
32.922862145843716
41.54474066222428
41.544760405042375
41.97590174211265
41.97590678829339
43.876197343204915
43.876211525566475
50.89694176933892
50.89700049906314
51.883184315393166
55.931342787333804
55.93137065805695
61.850069625474774
61.85008400755452
62.80622044609783
62.806223769581244
71.9073144171835
71.90738007222967
76.37241349990978
76.37241967496718
76.74602697151536
76.74611817619144
83.00750426606504
83.00750639701924
84.6928815345982
84.69289107262055
89.14873866053783
89.148807292238
89.61022179478249
104.12052838655922
