-1.4654943925052066e-14
2.909816698994451
3.3678506251242464
5.067082975354029
7.252931143055673
10.828566435998086
11.986100106000524
13.191207223756393
13.363967765454285
16.59945458601376
17.762925774998727
19.61707863497895
23.769532244259363
24.7996629805466
27.22508364692475
27.42672912640314
27.986960907744294
29.54342730175069
31.52909474826299
33.633737090095515
37.25895555597792
40.71292823296014
41.46927600155972
41.891893817747004
42.578990943474
45.98760571051621
46.672230938742935
47.5954973103007
49.03387712382077
53.91492281479915
54.295245857550306
56.61944947524251
57.4584357142925
58.76466308077528
61.750473009643954
62.88332196644845
64.05332111361733
67.20205175028235
70.70117426552734
71.22440061526767
71.51765599889795
73.86363299374257
75.25251253496084
75.69919699575901
76.29017517737356
80.08109312454175
81.6611580694561
85.06816202322669
86.20869666375114
86.89768794327404
