4.24313362223927e-15
1.9495069432823653
6.15959464097739
6.159594751599796
7.377140696516923
9.736702296351686
9.736702618815618
13.887580410962101
16.565664023818957
16.56566448434652
18.379080277990425
21.89693877449616
21.896939022289118
24.392999648635197
26.342447781514615
26.34244841013055
26.976798818456988
26.976799314826124
33.70013976380045
33.70014072179362
36.16913342331035
40.694253242754215
40.694253706253356
44.08978560524124
44.089786663663794
47.73181757616468
47.73181853654432
51.874872464837
53.269639063012
53.26964148737994
56.891407666302584
56.89140805849531
57.464015586547816
57.46401654261027
61.741055691078934
61.74106002511195
69.18708795661459
72.60807255777067
72.60807824634281
73.24739692571926
73.24739769068653
74.32247988151008
74.32248018419556
83.43073719518284
83.43074041346813
85.69551657119592
85.69552233541634
86.34607290252427
89.9161111512016
89.91611304748265
