2.7694860293969725e-14
3.5695096095051784
3.5695112467375947
4.7388560866665745
9.871369094029566
9.871369697529001
10.92887493050864
13.224659528401297
13.2246669347671
17.800098259193554
18.45239372266026
18.452405947623344
21.47077985146049
21.470791385473856
26.34130658782061
26.341314045959837
29.217505429402078
29.217522690633096
29.522282994991723
34.322363573619036
34.32236538320554
42.24606970557693
42.24609716098096
45.79396268351059
45.79397335180671
46.98378150145622
46.98379490047215
52.32036111445782
52.32038523097939
57.56339557914435
57.563405493070846
60.965446436270106
65.98747310855374
65.98748910940957
67.91096320297166
67.91096644872715
75.14684849556726
75.14690677424886
80.70856620912255
80.7086020983512
87.13606126148991
87.13608246043876
87.32200531645488
87.32201800048213
91.93083856422017
91.93085454356618
94.94215581470503
94.9422834151782
106.01203515033708
110.87825735812089
