8.907805049140904e-15
2.3295308190095256
4.964872764236217
5.360713955232014
8.927333982563852
8.972630933277143
10.055653094913001
16.923865199906647
16.9867380933271
17.980258454653143
18.68690362480546
18.85905791845462
21.410460089022646
24.767223393060398
29.099192182212235
30.414683000460606
30.43675074828132
31.321629272610508
36.121387229910525
37.15312827667567
37.604116155168256
43.18960252846384
43.22653565639618
44.19235211962848
44.33886521132259
44.68434474732005
47.45468691251451
51.47627908458314
53.41713608618347
56.21919036722826
58.16804269595568
61.15114404188104
61.996966820559
64.78962919255974
65.00362345558722
65.32476380105604
68.81566006908017
69.78003778726358
70.69945126605181
71.9072660922343
72.44097262602094
78.32935231956735
78.54949663924671
82.55888230556738
83.28383678163615
83.33063855180016
84.89955820582169
90.2102622973602
90.32667560172187
91.50213074427468
