-6.6682770416548465e-15
2.048489412490479
3.158333805624756
3.1583341714020183
6.137483728901229
6.706279957288439
6.706280887914104
8.451952692050092
10.436971614156281
10.436971658119624
13.36055646462959
14.67125367983438
14.671253776553272
14.755587780582198
14.755588928956398
22.269827284732468
22.269827581155337
22.74640058797421
22.746400701014434
26.433346888008312
27.616349620044044
27.616352062881695
28.684514597390496
28.684515721226852
36.04945217674836
36.049455829072
36.33120048605694
36.331200582756544
38.376103055109546
38.376105488450705
45.08655448745227
45.086557172552816
46.27232356906637
48.622205571961544
48.622206579425836
49.16031959955271
49.160322688698514
54.454033619830305
54.454036536113165
55.95150872262518
55.95150879803666
58.533558436920536
58.533562246784776
66.5850158161567
66.5850168301578
67.24426264398488
67.24426554940283
68.19520997421738
68.19521193160782
71.21392804105561
