2.535645304835299e-14
2.134075822488815
2.1340759333882127
7.1325803454092425
7.13258098580364
10.291129766413643
11.469846702677419
12.636971452057537
12.6369719721638
13.963101665161338
13.963101825538649
15.38841181879282
15.388412507593246
19.2197463019294
19.219746829636325
22.648245603901238
22.64824782142014
27.289617267279937
27.289618096457595
29.036452684272515
29.03645292510489
33.21037504908699
33.21037719672774
41.23903669373842
41.23903982447875
42.14893272456621
42.2664720484247
44.157962804513225
44.15796407228077
45.05825756390947
45.05825948888578
45.37964027398621
45.379642437191066
45.610051115801554
45.610055790372165
53.78095768973648
53.78095791508465
55.414537969554715
55.414539207930126
55.42080491919929
55.420805665550986
59.785315770928925
59.78531733785519
62.0031287753423
62.00313032996348
67.99893567548699
67.99893617386292
71.40585520309371
71.4058578742039
74.57493405495566
