5.889566959127457e-11
8.20703477418466
27.424289417021363
57.392059230781186
97.80695913653268
148.26769356061905
208.27781470736699
277.2506536320295
354.5156242956203
439.324359701524
530.8599359587554
628.2443660639984
730.5477641222373
836.79307174469
945.9784070332694
1057.0717893219726
1169.0298679028892
1280.8019698319106
1391.3503238158155
1499.631193252922
1604.6569874558006
1705.4186469300496
1801.0163687885206
1890.5337925052374
1973.1113628838177
2047.9853194695045
2114.4033181635405
2171.719227702611
2219.329195696993
2256.7171233432323
2283.4596060410136
2299.2816237731226
2379.9509157360567
7744.44645560668
7969.070926030359
8672.17390304344
8840.987863435656
9403.80076043313
9539.491185300569
9839.276133536412
10179.872514948907
10193.225310612952
10853.278610896381
10856.571981612225
11605.315249031588
11609.490884481642
12450.05519783734
12454.948536395108
13403.033088385087
13408.798970384867
