-3.466324449696856e-14
3.556734795037132
3.556735316401116
4.722363995107154
9.841808581713911
9.841811059742389
10.88954699725952
13.178417648038058
13.178419429048096
17.711763755353562
18.41349093870874
18.413498670022815
21.396001248035407
21.396004217031294
26.295656530554634
26.2956571972645
29.192928482669288
29.19293075707667
29.421876272161867
34.22209463792141
34.22209756499262
42.27941348875674
42.27942758145856
45.74343439793221
45.74344037369661
46.809884331681666
46.80988829481251
52.34138740845428
52.34139364358554
57.72338118390979
57.723394149204644
60.698489043894085
65.85514636285836
65.85514823063163
67.64666490342219
67.64667106481697
75.53290608306548
75.5329172014206
81.26116010398071
81.26120202690785
86.73003297159978
86.73003706913474
87.21129756997102
87.21130700697472
91.58409841579356
91.58410928946797
95.68995629897391
95.68998287812913
105.3798367908299
110.87940137641169
