-3.5180192092809648e-15
3.2395141327892825
8.99604242422295
8.996043504141934
10.551985054217937
20.578577492633478
21.43751578251955
21.437517334928966
27.457931752930104
27.45793634753744
32.104574893896846
37.63206810562123
37.632070249164094
48.00497699470738
50.15775092308312
50.157754798467145
53.20459132489257
53.20462598011481
54.145937609038526
54.14596081891377
63.627880063250906
69.59702907616584
69.59706500670373
74.26929981953177
76.91873092083614
76.91873145516114
87.70148862373925
87.70150634452985
88.37003149261649
88.37007372930127
95.66083430579104
95.66084549802154
98.61110353514214
98.61112880616251
101.04492410854657
116.79860285065698
116.79860415049295
125.89213183000281
125.8921441150556
128.69977071403818
128.69979740896665
129.5683706434565
129.5684387105851
132.9994554376232
132.99948354548457
134.5616689879294
153.01651190087082
153.01652191525352
164.93024794162457
164.9302812614692
