1.0220990720455347e-14
3.1620475485527186
3.1620475485527315
3.4590016083095088
8.096933045809822
8.096935660973248
9.291032644550336
14.982069141038858
14.982069141038895
20.038098760880157
20.16454903891417
20.164549038914192
23.196675408213373
23.196700783039635
30.809410332858462
30.809423119320527
32.08445898775359
32.0844589877536
40.86710297525572
40.867111905313635
46.48204969639525
46.482049696395265
48.73829467287877
48.73829467287884
54.960948085267134
54.96102807394655
58.94747232231562
58.947472322315654
60.319743408574254
63.77870937152286
63.77873239591181
71.5546533002799
74.08764093011055
74.0876409301106
80.18892353566454
80.1889235356648
82.71479051421419
82.71488127624491
94.70152789564561
94.70169794923241
97.42326346180451
97.42326346180455
106.80820986243637
106.80820986243663
115.98416395596557
115.98422254843835
117.98552939117543
117.98559191665233
121.72735627792133
121.72735627792133
