-9.363343433932414e-14
2.8602242946807515
3.3947868092818245
4.958482744340288
7.289942466438661
10.696133254626725
11.644201868621664
13.0474966954192
13.415013631052183
16.60355854414145
17.93290958079547
19.249601383109308
23.231486636493898
24.50468186257254
27.2187402999465
27.656834569568904
28.126040916359244
29.70130598231523
31.03261518617088
33.53446025517505
37.43820266307039
40.194117050762664
41.34440396192635
41.867238651740315
43.13677098885656
45.82235073879636
47.20232092991803
47.88895160224252
48.747930779183285
53.85171541407523
54.86145099210858
57.42860710767028
57.67821227059037
59.76917831059231
61.66784843110686
62.3506729760368
64.09063310175134
67.80193742653141
71.6443126877165
71.9175268030676
72.73900967555072
74.01624277628191
75.04894715405008
77.00267072685139
78.12795479391822
81.83611081594701
82.59946869899083
85.91015303615019
86.60932354505987
87.64858986553239
