1.1188966420050406e-14
2.1899795781429248
8.62672303376761
11.09190086415468
11.421831341532114
15.241121949972612
16.283786654375803
18.925914665765575
22.98456755164891
24.72577339931395
32.50166700565497
34.54567665175949
36.82897949654314
40.69518996526597
41.45988450834677
45.21257097325857
47.603391978156296
48.95731826141137
49.64620519319058
52.352533842642465
53.52490017223174
58.26718646602373
65.8850005602733
67.002619317565
67.72590411160793
70.80732086544938
72.56070663550844
82.05911346513668
86.80207131249675
88.07413119922288
89.88801382842111
90.21721039445228
90.42395438289296
91.70790971968995
95.90391467767103
96.91771886113769
101.49504480566603
105.78093740155005
107.7405838879845
107.8526732715208
110.31656637600567
110.63299026926093
114.22560921321846
119.40374406320191
122.4773565727749
123.47057880811494
129.73538167393977
133.04134098058117
133.67440237808574
136.34122705114757
