2.463307335887066e-14
3.401361955669395
3.4013619556694024
5.138720490088561
9.227250975925916
9.227255020687323
12.421040467911372
12.69130747450715
12.691307474507193
16.6343164677034
16.998277285748255
16.99827728574831
23.84229706055122
23.842297060551335
24.146995441955145
24.1470131329616
26.583867043057847
26.58388401317091
36.674882457982875
36.67489394938866
38.03330810782203
38.03330810782212
39.256731788638255
42.61546082572635
42.61546082572639
51.32619478898326
51.32624634598718
52.34571133031724
52.34571133031733
58.47348628726704
58.47348628726709
66.38134154569838
66.38134154569843
66.46748777279917
66.46753393378428
71.7545260736516
71.75456494035372
80.6498399054161
80.64986156129083
83.0736459572565
83.07393664400952
84.00465217156483
88.82888152495562
88.82888152495582
100.5505917161541
100.5505917161542
101.24179871483919
101.24179871483922
105.52578764693071
105.52578764693077
