1.289992418440633e-13
2.338886937487076
9.322521820150476
17.404466193815455
18.964088614666625
20.5952393484702
20.85009740727119
25.5505222715972
27.97141677350153
36.50161299320767
36.74179240164638
39.933125620147436
51.76813038976845
56.40438313095199
56.65418886143794
68.44630267989312
69.14939603579383
71.26514613460368
73.51889957046149
75.52175502018896
77.1693408133574
78.6100365118318
84.24296799006241
86.16159467704814
93.72253039772995
94.86214136220043
101.07342203750953
101.90581363874607
109.33933626442207
110.90725404087026
120.22681780102806
122.37288227339309
130.09425782648793
132.36552179219584
139.67019492673768
143.53883365442275
152.27684641345394
152.62171167727828
153.44646344834317
158.36607770427918
158.78379489625908
158.97855706723624
160.27389257074623
169.23962471737084
170.7286741804602
170.86479974183226
172.55837531047428
181.88766007914816
184.0409054259915
188.2191354550597
