-3.791585101442507e-14
3.4793326627722414
3.479332662772255
4.822404475656378
9.580866687948497
9.580870908897953
11.188825019095315
12.962243378943443
12.962243378943466
17.145329604704713
17.87074332219111
17.870743322191153
21.747027760344835
21.747027760344892
25.60298505353148
25.60298730387166
28.279179965311567
28.27918091183107
31.56174448365544
34.39988055397755
34.39988325749097
40.918695219566644
40.91869521956666
45.21489159063136
45.21489159063148
49.27996005800793
49.27996005800801
51.342905374031275
51.342905374031474
55.85439144356178
55.85444874813194
65.82861834376638
65.90520933369068
65.90521391035125
70.25303253058708
70.25304186112687
73.11188260570886
73.11188260570908
78.41494731452946
78.4149996651422
87.03359113809579
87.03359113809596
92.32912846763058
92.32912846763071
92.69363687538734
92.6938850131325
94.21288343842124
94.21288343842127
110.34654007470021
110.34657849066024
