6.711645128554267e-15
2.217231716716377
2.217231716716385
2.708488880412656
4.128930571868434
6.2102115203169665
6.210212257577619
10.17801743748606
11.063340897996367
11.0633408979964
12.604962476630304
12.604962476630325
15.429236478665246
15.429237883706655
21.03149191781541
21.03149832065159
22.45313044036229
22.45313044036231
31.011487766809864
31.011487766809942
31.770755258152754
31.77075765235922
41.994430701402294
41.994482578588496
42.900596995852084
42.900596995852126
48.79424191099417
50.01626828604312
50.016268286043264
53.397327513563525
53.39732751356362
53.74797284450531
53.74797391741463
55.2703765741207
55.27043780082583
59.793941442782504
59.793941442782526
64.64130036052056
64.64141675314707
67.89683113840476
67.89683732280979
68.24857129000404
68.24857129000405
75.18163874660958
75.1816387466096
77.70207609682093
77.70207609682097
81.1782070778355
81.1783414866515
84.52777835575019
