4.053701818662603e-14
1.9996212375843603
2.000129868922792
2.000131438882627
5.994821133361612
5.997387302613935
5.997417840168705
5.999225817950472
5.99924289729729
11.977799785603807
11.985930101269854
11.985995322233636
11.991205152805282
11.991289411614373
11.993427352497761
11.993482350751451
19.93753896548611
19.956295270408695
19.956489551389552
19.966919768678633
19.96709600524807
19.975407848275538
19.976035680194126
19.97726454805688
19.977829385941515
29.859517013483575
29.89480746324489
29.896563405772053
29.913788188315312
29.91433114986132
29.93531267402884
29.935411017709924
29.937603392621863
29.938935208388948
29.947656580522168
29.948039945259342
41.72599198876622
41.78582112549192
41.788540662309956
41.816584179325105
41.81663734190445
41.85546836207709
41.85898479099521
41.860768591020495
41.86391024067427
41.88716697832507
41.887547343101154
41.890351467071866
41.89130095461256
55.51533696018269
