7.313594174718219e-14
3.5455343850763854
5.3668229629195965
5.366823245808966
10.097748378020711
15.266468505207369
15.266469241506016
15.717111104691945
15.717112787467999
17.51825402546789
26.092238151173795
26.092238960371237
26.749354551082646
30.41077706941895
30.410788309813263
32.179281702279404
32.17928463126972
33.46911982011106
35.2719834088149
35.27198478850409
39.74530652153505
46.52074152544094
46.52074352254746
48.18040710828307
48.38023688109733
48.38024672196655
49.26168196495746
49.26168377899579
52.68547787846131
52.685491835846854
54.305588711353224
56.40950721839528
56.40952969359981
56.59205857459481
56.592060564010595
67.19394065276148
67.19395044270107
72.29224319359814
72.29228524285007
73.82036479385809
73.8203845879239
76.3143302143326
76.31434056168416
94.10422594878897
94.10423843248178
99.49400614092824
99.49408061524532
104.0874327631569
104.08743712708008
105.42128767613583
