1.0980799602933189e-14
2.7288500617799905
3.3458243851106775
4.257387195340655
7.481612155844587
9.952133878474106
10.051059412719834
11.535742720474785
12.68172436433655
16.664193769712167
16.962334225291304
17.99349088506002
20.392508485121102
22.27236685247064
24.810826354787647
25.807924454521558
27.883455170948952
28.16023271236656
29.482775857565425
31.18499623878285
34.782722333262335
35.674173425966615
36.65478163866468
41.713948579928704
43.0318492203929
43.13277488136126
43.34048454705176
43.519615269055826
45.068560580347004
49.084250375893184
51.83014678843547
52.14891576606918
54.787658946662425
55.51002398488229
57.00170792211166
59.93754592814289
60.30507405475186
63.66240710618661
65.74367919016154
66.53279131921991
66.90319154861326
67.92142732302014
68.09717733331179
75.96461272582081
76.05504824719749
76.06181177842657
77.17682810789078
78.15651392667837
79.00658891892554
80.51561166183653
