2.7824964554667986e-15
2.3773207553978977
2.377321011023583
6.945175393020555
7.068191094576257
7.068191714473374
8.515298225358334
10.011068750288523
10.011069476169606
13.63127918229953
13.631281936007666
15.613032973967677
15.613033835152757
17.47974988482307
17.479751001466717
22.102826025878286
22.102829323112964
27.346357898484964
27.34636033229191
28.80727646676289
29.111580943658176
29.86841423064717
29.868417708802617
32.42587153790819
32.42587863564659
33.396032214549415
33.396035516920534
35.20122384304303
35.20122502078379
39.10177580836674
39.10177804708147
43.91949398681904
43.91949802854245
44.523437236859216
44.52344160279547
45.9914565916863
45.99146169079125
52.653032220373746
52.65303378502076
56.84425590641994
56.844264517131954
58.304246436723744
58.304246638014426
59.17293824806484
59.17294344148243
62.95021628147599
62.95021993219602
63.48386370158619
63.527643000096
67.9250304043865
