1.046681838423602e-12
3.9542355864904337
12.97322994649453
21.85811226653817
21.858112396117264
26.36666861836308
42.728790632556205
42.72879097742138
43.108052679442785
62.001616752281876
67.50979329452176
67.50979612777328
70.0793466168794
70.07936734402858
82.38880859594478
95.09412270123784
95.09412919281876
104.4354968983212
109.30253367937136
109.30256031050469
123.7497728523579
123.74977984934613
127.8725606852186
142.6362629948418
142.6363375227621
149.7984041376267
149.7984300651393
151.3197547540333
151.38793752714136
151.38794518087238
172.08129697159012
177.40649933083375
177.40653257378756
187.56956903552577
190.7059249540711
190.70593249229822
200.46640297942773
200.4664746126496
203.41473685200867
203.41476673362433
203.8239432942561
220.95181264352672
228.72799874330087
228.72803022252467
230.31052991572923
230.31053789117573
235.2961739846825
239.0997590666434
239.09999956188744
245.14384505411587
