7.075937058509396e-15
3.407953189952984
3.4079537388063454
4.912618111706245
9.329513878535325
9.329514504690193
11.558411850287214
12.727751186774258
12.72775254827149
16.673857288957144
17.322959724468706
17.322962547609688
22.27403913573967
22.274040526026447
24.790321148511612
24.790322390668706
27.303693816807087
27.303698602580237
34.133650019780006
34.82817789866044
34.828179092251276
39.36801835935398
39.36803777349519
44.07449533311225
44.07450311413861
50.8151852907555
50.81518943891083
52.254550297329594
52.254551665227105
53.55889352246743
53.558893822238325
65.93673150449055
65.93673427263118
69.87431128898291
69.87435717856623
72.02032994379945
73.46943373152693
73.46943588643474
74.64910444775379
74.64911792808606
86.87661813595281
86.87662671734155
88.28469193424633
88.28469603426427
97.53670011279694
97.53670529408058
99.1778244954364
99.17783121111165
108.74120662309167
108.74139900810775
