7.074202335033419e-15
2.8604402211290023
3.388664751906978
4.945598316968273
7.288863705329411
10.689726947277872
11.62186659514833
13.007868401575946
13.390699506426166
16.605650238818043
17.917528108812668
19.20191839552616
23.19911646901646
24.486024116400678
27.14245807017127
27.64642597671114
28.056814433513008
29.69264763233762
30.984828180878267
33.458722908383656
37.38639897935779
40.15116456855521
41.30135081412855
41.85732786637797
43.1123926425142
45.74971661553833
47.07241200043086
47.759720780411925
48.70462175185209
53.79247414883892
54.741758428739665
57.39222673175317
57.55378318911045
59.75227976837652
61.6082505310873
62.28273631047821
64.02205048659968
67.68705759142277
71.48120582338679
71.87309638835323
72.53778316040363
73.88786014923747
74.95321868986349
76.92888129303374
78.08992742126904
81.65617643882875
82.41852478484009
85.79013291928752
86.51763788827337
87.56312073926276
