8.432993886531293e-13
3.726247970854965
12.450321531942073
26.047207242822488
44.35866711212117
58.10490526186504
58.10492886996521
67.15567855056618
93.0629170610736
93.06295097989135
94.11960672642259
124.82218881890876
131.68448043318938
131.68452918573567
158.73327366185572
174.38118158950928
174.3812239394924
195.34266638273007
196.3733280759666
196.37334075026897
221.0120324748499
221.01204051178297
234.46332867899133
267.7556674011078
267.75569016296174
271.1924521129317
271.1924619986804
276.4168742398773
321.6378929604311
324.2777181420215
324.2777419774063
339.12125424381156
339.1212617406635
370.13124217647675
379.21353190545716
379.2135545536341
409.0259622257789
409.0261364597553
412.5625021713181
412.5625220653267
421.3796928784171
434.4328552200744
434.43293573887996
474.2828688504337
488.44611564001195
488.4461462934175
488.9142998329587
488.9143910446299
519.8339169917425
519.8340810156301
