1.932481952238163e-15
2.680886939141852
3.348205781189718
3.9362399356884414
7.617204133367382
9.163521274426914
9.667295830074991
10.832768544496382
12.155964043505655
15.982862287155127
16.44804941917448
17.765194559121152
18.67682428363266
20.680707348540384
23.22044127969619
24.103226993274312
26.462945333718466
27.169237120189074
28.28352520335551
29.707799173264892
31.72987589653258
32.32771739697351
33.19585168055663
38.97268888059069
39.61331662960207
39.78770647209143
40.640678745254725
40.68485429789824
41.18096212408691
45.05234155366276
47.09600586685661
47.3052834889994
48.15724486896416
49.47845788246852
52.4965474224812
54.06135300085581
54.98429604098222
56.977449320002464
58.19398599445554
59.21611261004973
60.71888532076307
61.108896865842
62.082064856266804
64.4289335381289
64.92312746898374
66.92248408332546
67.95044014927373
69.19075941478063
69.89191838087622
71.24816361331902
