-8.390857453299816e-15
2.0890745802153634
2.089074841054083
7.0206049206859324
7.020607243801935
11.040248597951829
12.179535931492936
13.318588459584786
13.318589621226447
13.573016837917779
13.573018324903803
15.834831876590926
15.83483397034497
19.69030505917388
19.690308908888692
21.53015957045806
21.530161603529375
26.99515337697822
26.99515877046108
29.07719885400184
29.077200210937175
30.675112559710968
30.675131656098525
40.41397842961628
40.41398473784695
40.68244646066214
40.6824501655718
43.31314723112072
43.31314822285621
45.1152765499351
45.212120393821216
47.88837197111314
47.88837576621097
48.137049273838535
48.13705666081459
51.16981979262257
51.16982029729725
52.960687105467066
52.96068999924445
56.117453065050896
56.1174650990374
57.29933813623075
57.299350727895906
60.68682348704342
60.68683160407253
61.72705921386676
61.72709414206885
66.19936508492145
66.19940064717608
69.32217522604776
