1.5515366769136563e-14
1.9893407417339988
3.9176005183935114
3.9176005183935145
6.849908181022495
7.387876158973815
7.387876158973825
10.217774871924398
13.253801026231102
13.253807607052751
14.014310481666415
14.822424551762692
14.822424551762705
17.464578008908834
17.464595244851107
24.71802498059296
25.09392355334716
25.09394622130484
27.41121730855225
27.4112173085523
28.25957389813761
28.259573898137646
33.57197994430887
33.571979944308914
37.428696615403624
37.42871781386474
41.84273956508237
41.842739565082375
42.61860494705099
45.64866480634551
45.64866480634573
48.34855799508664
48.348600146206365
53.973815092982996
53.97381509298314
54.85387213252205
54.85390956633905
55.33741105367758
55.33742841908992
64.3092715456022
64.30930294063091
66.27935327045542
69.35812670096418
69.35812670096433
71.3292669199555
71.32926691995561
72.89251820889913
72.89251820889929
76.65604157998541
76.65607027208839
