1.3404208298872788e-14
3.7898124860355975
3.789812486035612
4.438178854831533
10.42148866310135
10.621066214789192
10.621068078506333
13.66285392756836
13.662853927568412
19.242251636593252
20.03071359523923
20.030713595239266
21.21985601259187
21.21985601259196
25.618905413996284
27.850630043919228
27.85063043703264
31.922658939392214
31.92266259011599
35.06517258130606
35.06518609605427
42.25527129092532
42.25527129092535
46.373002525132954
46.37300252513296
46.69149650599288
46.69149650599303
50.892662339999234
57.039231708563
57.03923170856332
63.11977152836046
63.11977972402298
63.40668257682296
63.4066916601089
66.86392179278134
66.86392467722268
76.22691761704392
76.22691761704401
83.0013267254688
83.00132672546893
87.45482222234689
87.45482222234689
87.84015284972608
89.30847499293377
89.30847499293384
90.12031729392308
90.12067020937197
105.10230751179688
105.10243690212756
105.29315937571495
