1.0776102232767926e-14
3.4743891884311675
3.4743898332977023
4.978334498344931
9.50012769092099
9.50013376563258
11.66930907304409
12.970791867781735
12.970793042029403
17.09144353480166
17.597328823687697
17.5973329308572
22.50259011181416
22.50259198421041
25.141093889916856
25.141103728121657
27.63004277578808
27.630070878988448
34.10934551015549
35.214399335178115
35.214410793236205
39.63298436942332
39.63301095396957
44.286171256837015
44.28617416370893
51.272873244060406
51.27287864191498
52.457049597906845
52.457054337247456
53.571665861503185
53.57168647426644
66.38134840827804
66.38135985710598
69.3492016729338
69.34923411207821
71.94237369532017
73.88395581879085
73.88400548847392
73.96638531506639
73.96640199809038
86.82222091993765
86.8223457593524
87.46047620854924
87.46049048450477
98.31445213528723
98.31445605826582
99.4793262182979
99.47933536724473
105.66750915184643
105.66753703843787
