1.9643661697266168e-13
7.910660735133454
26.182471734478394
53.93877710505579
73.34479351937223
90.85823870299414
112.29949061456733
133.77325833355277
143.09753873074882
179.64212833559614
183.59533077635237
210.9452150908194
237.0321263366964
251.6201601987133
264.17968847125695
286.56396552852397
292.7298001172041
327.2070847494511
341.6499509093163
346.9705073740861
360.0068891022864
399.12917038399763
400.5986131313
404.743229167831
435.7481397615695
449.57234943110143
464.79789395536574
480.8743391070342
493.10518772024534
505.54499213621943
513.3791856996919
529.5075750059661
551.570539762992
556.7419802298587
569.1141697302259
571.9889260351391
575.9325796915368
580.7292524449351
599.1250119809949
612.9159931985802
621.4699353588592
625.8281759634779
665.7139878666912
665.9318633275218
677.8163352130799
689.2598575327174
717.3392541184094
738.1229334688466
740.4418339348769
757.8172871521185
