2.4341813287254155e-13
2.7143006587870078
8.949710294117985
11.594147332642274
11.59414775587333
18.21426377610023
24.341949374391017
24.34195172828207
29.497069238891765
36.56093405743701
36.56093859079491
40.34475331706171
40.34475371701862
42.16196956086531
57.623165988707726
58.50222102525508
58.50222389036442
60.43686616670825
60.436869954445925
73.71566789307862
73.7156700510693
75.73388284650991
75.73388901425817
76.09749602626172
87.11608128943065
87.11608852955587
90.24654546211475
93.44526185298623
93.44526648659202
103.45244766690327
109.32477291364799
109.32477922171509
115.87952300732492
115.87952417671792
117.24358426474942
117.2435869202273
122.72073764397187
122.72076943967902
127.35448000974134
140.59404602329028
140.59406001868166
145.36269685261036
145.36270325270533
146.94604714062208
146.9460613302659
154.37525544679693
158.42661228884253
158.4266198262283
170.273795232654
170.27381517343414
