-3.972516759986888e-16
2.3595109959809117
2.3595111600552054
7.07475811362641
7.07475955675786
7.220701266948938
8.74550997379914
10.198801764747236
10.198802125236085
13.634105067421636
13.634105817187045
15.420344913426392
15.420345164250763
17.604369925938418
17.604371925406106
22.075190384611343
22.075194113607445
27.48714994735742
27.48715045167421
29.830761580604978
29.83076582612366
29.984178859993797
30.261431505251977
32.3297981305413
32.32980232865432
34.33570505398796
34.335706332457185
35.81822896820576
35.81822951371807
39.251663003923866
39.251667813499424
44.187328856574425
44.187329014557335
44.30385336013138
44.30386301336434
46.53078122241341
46.53078819614201
52.77056665309195
52.77056682344098
55.928180366561826
55.92818878899994
57.885816719681785
57.885833719445785
59.5595368204306
59.559545660744575
63.46305600461555
63.46305923245513
66.50399374663415
66.5417725745418
67.948579135012
