6.973588373426765e-16
2.6277936946968867
3.987310695180364
3.987311062548868
6.610749378701984
9.926492043305231
9.926492188046698
12.147704571430715
12.147706143313886
12.596988529166397
20.053425856444186
20.053426481323527
22.139908301740423
22.13990978142119
23.44844403329457
24.97885393237268
24.978857941691157
34.796482352026885
34.98806382238903
34.9880679914281
36.5667743265088
36.56677460383512
39.15452482252905
39.154527229594684
42.4836838436795
42.48369299156605
51.802116786046625
51.80212613664253
56.35719944811098
56.35720207799674
56.72414582115707
60.40322005868886
60.40322075889045
60.68554654504456
60.68555315010979
64.57165186819232
64.5716643111742
74.70612440062318
74.70613756776045
76.71029263195034
76.71029827852809
82.26425036620886
82.26425608884195
86.64921420987471
86.64922481710916
87.38609605222106
91.09169606027099
91.09171406061051
91.38153703318389
91.38153925219898
