6.049275663722042e-13
7.896049232608393
26.37683507190357
55.09340618072682
70.3872862401388
94.28771477899569
107.0260265757221
137.42803195309645
143.7399626329125
174.46242913542946
199.94276297629733
209.51784188814008
249.74446357724815
256.47610978689556
267.15271871138305
290.8442303242589
325.78852379204153
333.6300441391139
341.9297755957371
374.3133726948136
393.7930223386611
424.2144609059889
425.73500991475146
453.6943306400396
471.41989280669986
510.624379952234
515.7102973448059
525.6781271541818
559.9437624453889
575.3276155520912
582.8511529476582
609.7999108017468
632.2919662233064
650.3698033370769
652.5391982170794
684.3730521120085
708.9161013680647
716.5667137029208
746.2640201182235
752.0051428935992
785.105323324281
800.6486649345036
815.0668958742775
844.2662040372077
855.2663591944396
865.8579532083688
907.3760402654276
920.8624126757486
924.8815304492956
927.55064065871
