2.192395570643768e-13
4.548393208100216
12.938921600923248
12.938923247632705
13.83988248913097
25.58379111223689
29.213750300138155
29.213754152495348
38.049537331292626
39.665956776119266
39.66597353540497
46.73696711935834
46.73697201240316
49.58999394638869
57.89698698525396
61.24857802115895
62.97251893873067
62.972524177895394
66.12236025979142
66.12237312323201
78.6429080660432
78.64295544170423
86.52812866741773
86.52813810145251
88.47273172033339
88.47275628357845
88.77884486137758
88.7788572461228
94.35838389943937
111.80402427712401
111.80403684923955
127.32540069351352
127.32543367219174
129.08597928378197
129.08604424645515
148.38894453176468
148.38904066031625
151.72395685793978
151.72401444979317
170.03761283108835
170.03767948252218
190.83967602252002
190.84011395429775
242.85982351348974
242.85986796689753
242.9291424081532
242.92926231027218
243.3496558018994
243.34973408533918
243.44164992590635
