1.1613106309926735e-13
3.9425882143477415
3.9425890928683196
4.218418738639677
10.207695092478424
11.149202636835193
11.14920496215386
13.830057790487643
13.83005841902822
19.762206416755458
21.160141848050294
21.16015842046698
21.407438813212792
21.407441856705923
24.215225721551782
28.487749997015975
28.487750398077015
33.89722913019039
33.89723557459144
36.34560186986145
36.345613489306594
39.873253559982714
39.8732585987919
45.61533943971164
47.16360846347919
47.16361960296503
49.46002737447801
49.46003229119253
60.71952560896222
60.7195325753463
61.14990070956056
61.14991450925324
67.83813413726189
67.83813923418072
67.90511352298242
67.90514086894652
70.37252567097596
70.37253134816889
77.8732327902936
85.31202938532776
85.31204765223866
89.24872755777514
89.24874733407488
91.23891639469568
91.23891929000199
97.69258850384958
97.69259271095422
99.09322431959589
99.09323310465959
110.58096727323829
