5.623800036769211e-14
2.548341316025013
7.230172117088206
9.218276985740474
10.059815133706278
10.325362136321301
16.28703347426338
18.227989874762223
22.083173128292103
27.95183763136344
28.31162399154876
29.62813976958338
30.875948421753282
32.710934008123914
36.47157554403396
37.268487368769115
42.296896389455334
43.96201073487339
47.55926474373391
47.84628512742923
51.9773136426608
60.40108397899056
62.5760115609037
63.167876581986576
63.58476942582084
64.0282334389878
65.35305783169368
68.96380767438335
69.95309732334408
70.68558583759301
76.95389247210704
81.13391993351608
83.30419502570227
83.50348880775759
87.05462390794757
89.14353825090093
91.08987369912658
91.5283380245231
96.78135365094631
106.32059284507827
108.55665814809655
109.17127647188696
109.30007706994994
109.46563893894539
112.17623790906536
112.56553883547504
115.62401318037915
116.26131071278304
116.27699681827652
116.66470368917773
