1.880440247958859e-14
3.382412990363811
3.674698393050152
3.6746983930501655
8.734857200214377
10.50156368194234
10.50156740886438
12.2163774693167
12.216377469316724
16.70669367506899
19.350362961295097
19.350362961295126
20.019680098669884
20.019680098669912
21.558571577578032
25.41887380259643
25.41888030958848
32.088451596088404
32.08846248857877
32.50833524945696
32.508335249457
33.972487540963385
33.97253315971367
34.398456237090976
41.907767650474796
41.907767650474845
46.704029700213404
46.70402970021351
50.854974312081396
50.854980492678656
55.49562385431057
55.49562385431062
57.79180767921476
57.87541843618588
57.87541843618604
60.65559997343319
60.655607918050876
63.80469960563435
63.80471233592047
72.78294033076803
72.78294033076824
80.46088303604157
80.46088914114158
81.91766561757703
81.91766561757703
83.2698431093775
83.26984310937758
85.62367502181678
85.62367502181682
87.98442048902508
