-1.9557272468162523e-14
1.9673604888514946
1.9673604888515133
7.013896494885429
7.013897273309354
12.976545619539571
14.012365458067887
14.056941806688522
14.05694180668857
15.051483737095342
15.051483737095419
17.02832596692436
17.028325966924463
21.059414941892182
21.059417248306836
22.883970480232648
22.88397295698079
26.4923918915025
26.49239893434237
30.44226370903107
30.442263709031124
33.52207451041632
33.52207451041635
42.000201171716135
42.0002011717162
42.5424001769883
42.542404752244906
45.95005868095774
45.95006260667457
52.71275957625377
52.784438287018666
55.129509237126435
55.129509237126456
55.27973928842007
55.27973928842009
56.84100259300715
56.84100259300719
60.105005844461786
60.10500584446185
61.123868682196644
61.123879146118
62.39720768225156
62.397219469424506
62.97277850280609
62.97279078427054
73.02680177838675
73.02680694926549
74.48455917154325
74.48455917154328
75.90247619103069
