3.7827380117150256e-14
3.408255353867186
3.408255353867211
4.996892497928476
9.311010696643121
9.311014111825095
11.8603063084166
12.730200809059367
12.730200809059403
16.609596033365154
17.26934935218345
17.2693493521835
22.79277159018735
22.79277159018743
24.690249822971527
24.690257854155103
27.209474793277586
27.209488994873183
35.43698013466854
35.43698371293229
35.741264486197494
39.2450984082798
39.245098408279844
44.06056200007414
44.06056200007424
51.348299698741606
51.34829969874178
53.43899854560923
53.43900839082143
54.162665422649305
54.16266542264954
66.67229717886826
66.67230410699324
69.81249469876579
69.81249469876602
74.60789281996725
74.60792237176693
75.34318571332348
75.57902087741155
75.57903097458704
87.8131704759608
87.81317047596097
88.3630592186349
88.36311516915534
99.80527277297705
99.8052727729774
102.84889024495229
102.84889024495237
109.07340143432889
109.07340143432896
