-1.979319486089537e-15
2.3460543956698046
2.3460545091849054
7.0934873740525015
7.093487597523289
7.478392742124346
8.935314780292424
10.379860365828241
10.379861096438923
13.65627183466105
13.656272626138103
15.211896265844366
15.211897964239151
17.706904673334503
17.706905007179554
22.067682130246904
22.06768571789495
27.568525967328842
27.56852775819883
29.567140536266965
29.567141707957425
30.652304045549002
30.89211013045715
32.243586987806616
32.24358763940319
34.79266094615202
34.792664581547164
36.00518453631724
36.00518739970045
39.29250858631462
39.29251208159613
44.066259709559446
44.06626512226538
44.09363337131869
44.09363551199056
46.50655841726094
46.50655931439524
52.70806073345114
52.70806304223569
54.451893480193434
54.45189700093999
57.39623417695655
57.396236865104264
59.413547318493336
59.413550552160395
63.06655429743441
63.066555766911485
66.86663293758993
66.89595910738069
67.69144753549884
