-2.5240226575462543e-15
3.443606861598834
3.443606935360002
4.710446855532061
9.496867573197816
9.496868265183936
10.895854846619644
12.809412499552996
12.80941390230064
17.02059679321436
17.731123053027314
17.731133599951182
21.241656848650937
21.241658143186683
25.384473787800122
25.384479775704577
28.075627460937604
28.075629582126552
30.254844169138533
33.70891080484454
33.70891256075858
40.63781757555832
40.637835266195125
44.6178652579968
44.61788543493968
47.520435590644155
47.520435769856654
50.69730440140135
50.69733296589588
55.4784055681513
55.478412546317486
62.70754863938144
64.67438478804296
64.67438510492624
68.01199459141355
68.01199721459096
72.61850911951574
72.61859049984359
77.96558917859865
77.96559991088907
85.46397351595388
85.46398612233246
88.47203339988086
88.47203413384098
91.45357794906273
91.45359486004523
92.05618560257436
92.05625385212197
108.44343973917059
108.44344521672761
