8.732771450414845e-14
3.3882635119035425
3.3882644817768446
5.094601698684837
9.222874589172505
9.22287499565254
12.30405520010459
12.647135043785525
12.647138755443782
16.4981709949013
17.06493436893374
17.06494035218208
23.64294270073974
23.642947818721787
24.32571778951281
24.32572280294667
26.845603764925098
26.8456097230044
36.45339032307426
36.4533922197222
38.689079569006914
38.6890995033237
38.820418313511524
43.524567259511244
43.524569102152185
52.28308514742074
52.28309308827805
52.668786758683204
52.66879292928161
57.880578751752516
57.880588405388615
67.60112285507388
67.60112422817456
68.81783230651914
68.81783960380325
73.75702623104677
73.75704736910426
79.93470089271004
79.93470266210147
83.01177421400882
87.14741353083443
87.14750641303603
89.3497761867401
89.3497898364543
104.79950379847436
104.7995159251366
107.65608113373389
107.65608292052525
107.81162450254826
107.81166137363175
