-1.4677495330239765e-14
2.241481091827348
2.241481091827356
2.7079041618414506
4.077402176503038
6.3030902334947925
6.303096195186165
10.96266496484091
11.929048341751308
11.929048341751333
12.9974064498124
12.997406449812424
16.363874011377053
16.363884798741257
22.212164007721192
22.21217207329531
23.70525091977876
23.70525091977876
33.791921201987755
33.79192120198778
33.87836211708753
33.878376398339874
46.77897839421889
46.77897839421894
47.542243665855665
47.54225992518444
56.06219485917101
57.27302042728929
57.27302042728934
60.99770216986978
60.99771078447224
62.27381454162408
62.273831878339976
63.238513600667304
63.23851360066742
67.20447508918677
67.20447508918677
75.89212982621689
75.89213793646778
80.20127000121904
80.20127000121923
80.63978710394572
80.63979156116898
87.05866676914573
87.05866676914586
99.50613764328236
99.50613764328237
100.3721215815869
100.37213540298028
100.6983187140854
