4.010680676458378e-15
3.030020261586098
3.0300210993679886
3.3199792218532607
6.64367122284114
8.269092790183961
8.269095023259217
12.335785740052794
12.335788120906162
15.776999285191339
15.903831346332126
15.903835623128517
22.013411051002514
22.013412787265256
25.477819400792423
25.477824241380013
32.12313370537585
34.131986648841846
34.13199157991898
34.949463540259224
34.94947273750004
36.3635475067284
36.36358284137563
44.27260740648875
44.27261376259835
47.79771167956363
47.79777269193604
49.085783508086664
49.085788678591335
58.96194997406613
58.961991694673095
61.35892887248436
61.35893078817877
63.8394704812238
63.83951373435369
69.05124897521141
69.05138038335306
73.93139731727321
76.51432784822255
76.51433673416501
77.33619978202292
77.33620438042229
78.59371540160984
78.5937556525694
82.1994877648804
82.19950402839683
83.21692125538033
83.21692228583971
85.05685184783142
85.05686358691251
