6.571132527000145e-15
2.154829352971803
2.154829352971817
7.138862173138461
7.138862384073071
10.007181482577002
11.202474561427644
12.392125610817564
12.392125610817585
13.943699911371304
13.943699911371313
15.26329912487285
15.263299124872892
19.045492541197778
19.0454929914035
22.607177966762084
22.607178413363492
27.473133857421484
27.473136053643675
28.891419536517486
28.89141953651761
33.14319896860571
33.14319896860579
40.92617763718103
41.04990662484064
41.06934603807369
41.06934858095751
43.911066490981824
43.91106649098191
44.26466609379599
44.26466609379602
44.30453556106751
44.304535561067546
45.505947052042316
45.505951737555264
52.845028424333
52.84503003156715
54.720685921981264
54.72069012278602
55.1881202528577
55.18812025285775
59.6282205895876
59.628220589587684
61.859932523596534
61.85993554618011
67.31780908806722
67.31780908806734
71.10254563179898
71.10255197943424
74.77436334969238
