3.552713678800501e-15
2.1913479303176495
2.191348129426841
7.148159262272601
7.14815997991397
9.506758621909373
10.74242911836956
11.965916744047792
11.965917878861964
13.928088230211609
13.9280896683931
15.091632505532395
15.091633763479464
18.75328427647589
18.753285293254446
22.605042552433535
22.6050426896219
27.877862889629522
27.87786436852951
28.671265985216134
28.671267210496918
33.197030741197004
33.19703256830071
38.97177268337362
39.11133468504499
40.8672144714794
40.86721461295609
42.10692428822104
42.10692873536864
42.53692000644256
42.5369230870023
44.58845330250393
44.58845690928266
45.67228159980084
45.67228965124682
51.466903029433524
51.46690600382817
53.89241731766503
53.892420269109024
55.01548806852314
55.01549096158586
59.98407306427383
59.984077982050245
61.74778835434733
61.74778841725961
66.46924470181304
66.46924989888677
71.01671973058113
71.01672421085586
75.80170301574641
