-5.235395450498004e-15
2.4008169980717255
2.4008173257083127
6.614215654780842
7.073124893982861
7.0731255062973695
8.219820090275297
9.793882567576228
9.793883780156618
13.656564964924474
13.656565106379539
15.83144729729408
15.831449181832474
17.316162788930143
17.316164449825074
22.18775640779682
22.18776093524768
27.098326416731272
27.140901257039577
27.140902701079234
27.42519623063544
29.673886549033732
29.67388792319317
31.996248305045942
31.996252590346035
32.62770197463529
32.6277089793279
34.27935857320583
34.27936330646033
38.871143043616186
38.87114683031267
43.29801561515776
43.298018628429865
44.92243257697419
44.922435167481375
44.92443452871907
44.924445595119025
52.45260040209059
52.452602877836206
57.16915424211778
57.169160279534914
58.20872902038042
58.25689787604607
58.30108556080629
58.30108772188401
59.01641930361003
59.016427318873276
61.54875960119451
61.5487635289353
63.55997536002901
