2.957703526540456e-15
3.3994133371276614
3.399413876184076
5.090270373232628
9.254928982141443
9.254932725342453
12.25138485919718
12.691256796920433
12.691258321138456
16.559373856286584
17.120343778324216
17.120358076191188
23.527467931955577
23.527470171462618
24.408894055370606
24.40890385362164
26.915446166714105
26.915446245790076
36.32433235695419
36.3243429411211
38.2949172337873
38.74984799737736
38.74985406011243
43.56485917201881
43.56486987031321
52.152072708102345
52.15209011639451
52.67911678223921
52.67911781369787
57.27878051033473
57.2787858591709
67.42144550419142
67.42145441324243
68.71475967594743
68.71477961233855
73.59566790776282
73.59568761610495
79.25673669552745
79.25675068170963
81.68228893247942
86.84254658652495
86.8425489855465
89.08468177355546
89.08468622761048
104.03303791150807
104.03306596864132
107.03143606237836
107.03146686834602
107.09310587202324
107.09312472885829
