3.3465244464458976e-13
2.2986370833663443
9.166278134278457
20.518246632703395
29.33963893675736
30.557408797308813
32.953555482417975
36.21337313448189
36.99791033099146
40.43351627394539
47.70550809681827
52.28105086193359
56.0511476680179
62.632360811254635
68.53376402028621
79.75384003390552
81.69833862931651
89.05465403191829
104.78298928951774
106.80896697276776
113.62193770353755
115.29475722405935
115.62727477399645
121.17700979977694
121.80956470315053
129.51990196754844
131.7197295177179
132.13823347868873
138.36723626905757
141.9529893750458
143.64964456974226
146.6258178137816
161.72431020984598
162.2932139130434
165.2525899958397
169.90607537674546
173.70793210720754
185.1375712953479
187.9493579468047
196.23728747263232
200.88037456770397
208.47262127313297
214.58785356044905
216.29061981446904
231.5410886851934
233.2202216971587
244.98025562789823
245.5928542928083
254.15569841574109
257.091474414806
