5.1438020509664284e-14
3.3799357200710447
3.379936057423001
5.044237474163349
9.210445553457932
9.210447836539768
12.115658796793642
12.62064568900565
12.620648962618432
16.45160339704146
17.054608409737206
17.054617062092348
23.26798022283527
23.267981056414918
24.336959378452185
24.336959730103768
26.84247370823544
26.84247677066565
35.968815667293484
35.968819968681636
37.66420366209843
38.694561520254624
38.69460249207637
43.51987925006482
43.5198836855376
51.74061446342094
51.740625951394065
52.68087587203748
52.68093331555135
56.44190623702304
56.441907666830794
67.05215385747135
67.05215645605475
68.83093683782135
68.83099493528918
73.66253864263707
73.66255795392837
78.19737243681053
78.19738089208346
80.17594875870614
87.15191294210247
87.15196322937862
88.4775168092523
88.47754400149108
102.75104775634658
102.75106420770071
107.63752201246119
107.63773392563215
107.8938358951782
107.89386453647656
