8.00835092684693e-14
2.2987964326640045
4.4826041182035565
4.482605472552188
7.183782732129809
12.005678801007477
12.005680696192808
13.045036808049549
13.414126029503885
13.414128409778442
21.24969697407534
21.299550816807333
21.29955383902875
26.301590728854922
26.301592149464764
26.855063765730918
26.85506475382518
29.006240311392034
29.006247080682765
29.217693527934184
36.01862958258095
42.25487199652518
42.25487254000672
42.44709376647287
42.447103279525805
43.02368770731125
43.02372037856798
46.00585057268377
46.00585231366702
50.115057724007904
50.11506104482309
53.030549477206584
61.76484328836966
61.764845965643524
63.60675334853676
63.606788561608795
68.14229167421963
68.14229821084102
69.1121809009361
69.11220390935728
69.3689819112962
69.3689836575674
74.63058990936894
83.8690076982198
83.86910345017287
85.44478769227449
85.44479678692683
88.03622631648811
88.03631481054639
93.60747896263163
