-1.6958656701149266e-14
2.257048424930264
8.681285105630778
15.674838027957678
17.006888123993654
18.317317186954092
19.082745895609282
23.03676104517375
26.059537982471745
29.83415302860506
32.592613070290085
36.136618027085646
41.8192372285957
44.750327098548524
47.95640879908109
52.9766597903996
58.07949893580782
59.92140668953496
60.10942600210832
61.207194525353145
62.116110843076385
65.65474625325076
66.9120517914336
68.42323732808532
70.26357858482851
71.11458941216691
74.21887866785787
76.09730568925997
78.58865351052354
81.14878129999735
83.74463089048861
85.18929199396914
87.95547013790191
95.45158696149878
95.60970701453479
97.2284921570555
101.116164839494
108.73107182607224
113.77111490451483
118.31035884937113
123.43942602753056
125.62746737382595
127.76436704488336
130.87799445850487
131.56160160884176
136.2809434364837
136.5905527030375
137.22236780223457
137.2993973231354
146.51154909765094
