2.937580734219125e-14
3.3920912814437996
3.392091281443828
5.109285448244002
9.225825202727815
9.225825389654066
12.348478982674026
12.659374713425638
12.659374713425667
16.531375741068835
17.05388339190007
17.053883391900094
23.724247700092555
23.724247700092633
24.29010071382448
24.29011192936571
26.79514028445566
26.795146229716394
36.54713021281497
36.547135617783205
38.559164698922174
38.55916469892231
39.0159772820686
43.3476348191949
43.347634819195235
52.34430099474278
52.344300994742795
52.400826055845044
52.40088062771331
58.12696236415437
58.126962364154416
67.48313867545818
67.48315638405553
68.33072701835302
68.33072701835303
73.3047388381779
73.30479575264876
80.21549839366307
80.21550060059441
83.40510854581876
86.33327844256587
86.33331773273655
89.324005685497
89.32400568549706
105.0884143575136
105.08841435751376
106.33586899865675
106.33586899865698
106.37615688768099
106.37615688768115
