3.4389158187764224e-14
2.729396151819444
9.320092260933375
10.504534544853888
11.93692410198796
12.232833593199173
19.748320867295597
20.11559208195361
22.159204657198632
31.820262881355927
31.925253704004668
35.546909260669906
36.36298946834955
39.01079126621942
39.18971909740257
45.876085409815225
46.74814064647091
46.795792619428354
47.151006240601305
50.167190308954616
58.7741595616462
59.0335744825354
60.02392482718023
62.47402112041962
62.85508565288035
72.42207142723502
72.71113407790529
72.78394606877366
73.80722789384681
76.33038170982051
76.59572745994997
78.84424251314212
79.7068089483785
81.72519978482934
82.57922570663939
86.51842700985962
86.83629612700003
87.50109651854679
88.7522600723228
89.51986721271318
89.5535223602362
99.20465923148994
99.80555614972384
101.60279686691665
103.64021176819136
108.60694241197439
113.49602930523483
113.59202393620988
114.37184885705109
116.48389483992331
