-5.6170346152129014e-14
7.537606901748431
24.94502160423687
48.14380669659709
51.506100794031006
64.29025446203856
86.01570656292056
95.40269066191485
112.03597518193651
127.17027824367042
147.66279878274477
159.74350174886175
172.0750098988402
178.9533558244496
193.41800863798383
209.84005760457143
223.98835750922393
229.4398492965402
252.17946616681525
272.47790640520765
277.49516541128776
281.66606729695866
298.2785885231649
323.43630129881427
336.87286724275015
339.4151616023184
348.9425112177316
367.6128158764495
382.22040844231395
383.82310895576325
388.98037940295245
405.3935679866758
420.9165431246769
429.72672672271085
439.7885246110096
455.4382247749059
466.696846439128
478.96499151913196
487.01778109791127
489.4096972554787
503.5641821264092
520.0529517806991
522.5376707752272
529.2635588938778
539.98186408207
549.1211440076628
559.3345917251519
564.1895731847197
569.7162239116197
583.2302058345296
