-1.345798472662807e-14
2.355793436723635
5.1973476420026214
6.058139747721387
8.840982957342424
9.137546121395909
11.33462099758373
16.7174613872518
18.841399621921738
19.35740316449457
19.479909966052237
20.54317495014588
23.669214545131847
25.89454428142403
28.7557818524176
31.045078050754025
32.86984246175654
33.710540913790425
37.57690864264291
40.74808575024282
41.402988561176684
43.86401781275299
44.096958518737374
46.4255142852771
46.686082424990005
48.853528223153205
50.554153017372045
54.16473520821872
56.34542158969853
59.21493321838218
60.98459553615006
60.99799275525293
64.65883158770812
70.05288428133937
71.03081970084999
71.11260343449891
71.6581463826988
73.95769571368449
76.04172045340972
77.42976746029407
78.17192798425626
78.33916260044798
81.01196409848446
85.89019743537405
88.25560573494516
89.71267318843337
90.55219210489497
93.76405086852758
95.84272942812535
95.91426473910866
