-2.8848451405494302e-15
3.509737106927936
3.5097381852015728
4.827552551214157
9.64756459034337
9.64756750461239
11.17391341239154
13.058089968716358
13.05809536591064
17.420257459721814
17.935304888786924
17.935305316696724
21.73763201093758
21.73764101989853
25.627617407067355
25.627623799336128
28.2360100691432
28.2360283373836
31.09469489153049
34.36993246943937
34.3699330610227
40.57840152354623
40.57843718433099
44.83141539662098
44.83143603082391
48.77270051457264
48.772711015889385
50.98168908589943
50.98170188080066
54.92331171136036
54.923352363714066
64.54585281512024
65.50476770856532
65.50477926798087
69.69567014651098
69.69567539157484
71.16925635966486
71.16935256672203
75.89758503013259
75.8976046128888
86.30051510881792
86.30053440222302
89.16774323443845
89.1678378240934
90.95432530368873
90.954340798636
93.50686189088378
93.50686322946214
108.72850158255918
108.72852420862185
