2.5675642167932722e-14
6.761311464523203
14.192571757731628
22.51676076977691
23.30799711681668
37.986011210216745
46.81623465030211
47.605161443777135
53.763621678399765
62.06347549425218
72.73027442705236
79.70498641598601
85.73447032747312
88.35287882055377
104.21729691668868
111.41909073252742
114.45735327744278
121.31908114480535
122.30734097234385
132.62846464091538
141.38115704916513
146.335108196002
162.18383552576546
164.90663197860565
173.0045647695633
182.79900814969196
184.97426175887114
188.77548764349325
191.2784733826974
204.2608249336641
218.39328017256477
221.20928112224377
225.0401183634749
227.21889797502337
244.07724162519693
245.36652964104601
256.01086430588
265.7013244515315
271.2136210845552
277.78572373931115
283.8221785484678
289.92838106793727
294.6138204257703
303.50891700327173
308.2303870115361
311.44693667865704
321.3749974105162
330.1406367253075
331.35683784813926
348.55354184071354
