5.037636974236648e-15
3.024439892967285
3.024439892967298
3.334448086142091
6.846784048471271
8.22049783972832
8.220498594265077
12.819097993885592
12.819097993885626
15.808046819573297
15.808046819573324
15.931775714857517
22.56224924096284
22.56225173756898
25.37400563322978
25.374019500691826
34.328279769683846
35.740772042700335
35.74077204270038
36.351102495582026
36.35110249558208
36.45750147020529
36.45750147020532
46.44450178655565
46.44450772486748
48.03510182045839
48.03513359640912
50.15356062464762
50.15357343521449
59.65835680118782
59.658356801187985
63.54338113733912
63.54338113733929
65.22264171916768
65.22264171916778
70.45074560505603
70.4507828440348
79.69499516105923
79.69499516105927
80.4364332526421
80.43645639521148
80.85230598887043
83.40637909063213
83.40637909063226
85.05429715771545
85.05433418805053
86.77582049154712
86.77595299756752
91.22213377444935
91.22213377444935
