1.0512424264419451e-15
6.207970394361125
10.611644109618092
21.929955900708165
22.76174649686623
28.823791958832313
41.333934822699725
46.0638788457936
49.54878149609556
55.1083108161341
57.60975177602846
69.22524553847502
79.0740577837562
83.56890860420853
90.05170895828527
91.12743276121148
96.19390725803967
102.32055854155784
111.30499661710252
119.74849347706248
125.67053390913323
126.26814225023712
133.41413752680987
140.28960854945367
151.9209015361525
153.71504394134686
156.73193780534646
165.67900089820202
168.68765628126252
175.17840793872455
181.31945161771844
183.83893865077687
192.18559892110858
195.01735034308416
200.5980085829812
210.47756283943357
216.671694134009
227.02948121845483
228.5149540703441
230.63346940782694
231.21259629834012
241.07498305601757
247.7329561696013
248.59838546683773
258.8947633854235
263.4192446844748
268.3428188580059
269.9875598945963
278.4102553701189
282.28468074001796
