7.249409406107077e-15
2.3707333071746883
2.3707333668484982
7.012596000571112
7.072920656103606
7.0729212150885115
8.584830351683667
10.053818837985492
10.053819120627828
13.664504254938358
13.664504860850576
15.584623178134594
15.584623455305014
17.52053384913561
17.520534629335675
22.20444178287381
22.2044425038714
27.441137063722834
27.441137321562916
29.28824528309399
29.594706419115703
29.946105335260157
29.946106506930857
32.66301014838445
32.663012616233225
33.817967656226074
33.81796865749363
35.55566330954766
35.55566395614566
39.308622301664954
39.30862319414288
44.174414700430056
44.17441495792837
44.996638501739056
44.996645129090794
46.37868275624297
46.37868427143086
53.055917853497256
53.05591991322284
56.985345683035554
56.98534708874358
59.15366550701453
59.15366561849108
59.638708646200605
59.63870958424639
63.531364248340324
63.53136440205377
65.32572323568057
65.37048171421081
68.6441264246402
