7.919012667834124e-15
3.150870047152628
3.1508700471526394
3.3843843534678126
8.328039474282013
8.328045476153669
9.034378520503973
16.043780398001445
16.043780398001463
19.407263319330024
19.47769384030561
19.47769384030562
26.169168837021836
26.1691772124792
30.21642069808335
30.2164301677859
38.65869182166481
38.65869182166481
46.78275578259686
46.78275578259689
53.389753618215956
53.38978755170136
66.30254727863846
66.30255345231764
67.78600545612079
70.17510837876499
70.17510837876524
70.27362363246391
70.27362363246405
79.02828631128487
79.02830996239926
86.78661367776945
86.78661367776952
88.78284793520609
88.78285779681522
94.93900832686508
94.9390083268653
108.10169047166069
108.1017064148713
108.94841908541076
108.94841908541095
119.44686552822233
119.4468867885021
130.38179210830683
130.38194946869808
130.60889139931936
130.60889139931945
151.98285084507592
151.982850845076
152.77363063308715
