2.2391810627908626e-14
3.4692886199168878
11.388326329278698
13.10086940730985
13.100871937355786
22.943058230252365
28.422184691977936
28.422189113356765
36.59977405556487
41.03007504539559
41.03008737766795
47.82650849551004
47.82651162055599
52.28524185091984
69.3422141574774
69.34221626943054
69.45866599727324
69.45867897938477
72.08963185549283
82.52025739250848
82.52029396825259
88.80217353155898
88.80218397738884
93.27970638532565
101.53186488549332
101.53187426821037
105.06077065512409
111.56481592724583
111.5648272877827
124.72310689573936
124.72314024131857
128.9384926274077
135.65758859411974
135.657591767047
137.33288140525343
137.33294976822938
141.99117636069286
141.99118918113723
159.85235527202175
160.7390304911308
160.73905883671497
169.72439980482824
169.7244320832291
176.84916918505343
176.84917246905087
185.2006813519407
185.2007106051571
193.1600167084159
193.5190419487199
193.51910643501085
