-1.016547956922409e-15
2.194596938651767
2.194597358104499
2.6752279856040793
4.185380685798242
6.180208209551571
6.180210739405052
9.020453691628967
9.777274775694814
9.777275771796573
12.452563676855057
12.452565685884332
14.123983246192308
14.123987851122841
20.495941062564107
20.49594226924579
21.000928304946605
21.00093395638275
29.663906609056152
29.66393884111545
29.8870977340389
29.887100482205543
36.233713878622225
37.45493894172252
37.45493995166964
39.2435526312097
39.24359533064591
40.11139537903484
40.111430183307135
41.19606143110362
41.19606442420511
47.16203446777238
47.16203627807663
48.51960612715307
48.51967828902395
50.905571437197075
50.905616100414164
54.95935511203326
54.95935621869901
56.828449223402785
56.82845033586282
61.46431641181348
61.46439942911911
63.597501554699505
63.597524619668924
64.05791624077348
64.05794860826633
68.37336760965636
68.3733995619683
70.84178450312555
