4.973452205625506e-15
6.637990744430692
13.326865006263388
22.193175969149515
26.568835261170875
34.721645590702806
43.98365781145325
49.11544197323447
54.57926579595748
63.60385477181312
65.3124337910182
71.52266509726661
78.54473817053416
86.64634270429897
92.61971206530323
97.84584448222688
103.47147296281577
106.85962610731994
115.87861938486013
117.57985419565469
120.2845784964979
121.97851344196009
129.56137475174828
132.8875210281799
139.19557439752106
144.89036859500095
149.34769986562404
150.47900136504455
152.46374203877903
154.6802146412584
160.96203279993605
164.70250688956497
170.98543523230316
177.265722796799
181.1334879055776
182.71139074028267
184.1244566707373
187.84670257348424
190.4955497629043
192.48024202699767
208.71254693249784
210.34383821581213
212.01836899481964
225.44595906611312
225.91941835454256
229.94996529500975
233.48695164586553
236.15497691202995
246.09887884649928
248.1631877044069
