1.6047926876261442e-14
3.3846387530387783
3.3846387530387916
5.064854885026346
9.216588109295735
9.21659036798762
12.187205467956188
12.637046766969732
12.637046766969766
16.486529751930185
17.052981448514675
17.052981448514696
23.40677372383737
23.40677372383741
24.317578156436554
24.31758569453516
26.815804083150393
26.815806791871022
36.15234626801347
36.152352135564634
38.09502437749188
38.61631375043111
38.61631375043126
43.41974165246353
43.41974165246372
51.92813767524024
51.92813767524024
52.51247634228778
52.512519051319124
57.00079803205739
57.00079803205741
67.16618216733806
67.16620511804422
68.51912660655653
68.51912660655653
73.38023217859978
73.38028837797299
78.9073429631149
78.90735036392252
81.35775865341874
86.62588546689157
86.62591503980627
88.74073492285422
88.74073492285437
103.61346371597652
103.61346371597661
106.80645349589605
106.80645349589625
106.89962877652732
106.89962877652748
