1.0448239495808309e-14
2.574912768054513
4.943038734417564
4.943038734417573
8.017998176339347
13.281193288489185
13.281193288489188
14.541885044962404
14.690503680832615
14.690505552344124
23.503176049342837
23.503176049342883
23.57391778823321
28.529675207671804
28.52967520767193
29.48642337528806
29.486428004427857
32.05352063291007
32.05352063291009
32.480217381570135
39.645170001294595
45.9116355245069
45.91164342211835
46.068146717015395
46.068158019459844
46.68896690000781
46.688966900007834
50.100631521006605
50.10063152100675
54.401261874193544
54.401270398291544
57.597240531507815
67.00257025390614
67.00257025390616
67.34369168270773
67.34369168270774
74.28412341176337
74.28413036240154
74.42374105474406
74.42375281837991
75.0969268715285
75.09692687152855
79.92947540324364
87.31315889039237
87.31315889039243
90.90050387632725
90.90060577395542
92.12387051668789
92.12387051668796
101.17836435055187
