1.6278645098566358e-14
2.542569376043656
10.144750699738996
18.991961527603284
21.332845214520955
21.74858241059266
22.729984689685057
28.860371202785227
29.429396715462413
40.16966728496975
41.34494396213949
42.12904474771119
58.69376437853082
59.72467227713787
62.267248918448814
75.66288103180185
77.70003648891326
78.98831632164156
80.77546103845611
82.0357588304057
85.21368773455653
86.30914114142897
89.37380392935772
97.67594197159505
99.39155404338725
107.41909507123891
108.82441234657104
114.99510292179146
117.01932152519598
119.80695629292717
137.04115288855022
138.41357269161819
139.37691831786637
139.75879136791335
154.41115156597021
163.64461318366287
166.33281364968974
169.10736548760198
171.34550908365944
173.45075782968797
173.50643013551274
174.20621516238393
178.83913328258168
182.47391898771227
191.26668858128917
192.13521892923717
194.0281869115616
194.59585112454525
198.02283111433647
208.54203080686818
