-2.9802549317281546e-15
3.394058062395441
3.3940580623955103
5.108448067949823
9.231034473785526
9.23104303219656
12.337419241305682
12.667041992974193
12.66704199297433
16.54191970684476
17.06171268840996
17.06171268840999
23.698054947119626
23.698054947119665
24.301066732505852
24.301095876648944
26.801980325977958
26.80199932762085
36.51324440979765
36.51327139783066
38.55769241196923
38.557692411969406
38.89145976189889
43.338664545705164
43.33866454570569
52.30127390402008
52.3012739040203
52.37911918756374
52.379149313625156
57.97736052997936
57.97736052997938
67.41725699408757
67.41728797710661
68.27127285267277
68.27127285267315
73.22998121100149
73.23005562625404
80.03178091131814
80.03181617017317
83.04271703109885
86.21197337285601
86.21214346668995
89.22915184395
89.22915184395009
104.8623542659857
104.8623542659858
106.09425419493968
106.09425419493982
106.16149918077375
106.16149918077399
