-4.240531537025305e-14
1.7676737672452594
1.767673767245304
6.627197076494466
6.627197363016028
13.683769409914012
13.683769409914028
17.939905881788594
18.84538361608454
19.75948060322155
19.759480603221572
21.173559359899627
21.173559359899688
22.319532483531667
22.319539479110823
25.0859376129104
25.08593906955823
28.361683115099346
28.36168645744807
32.26114028441157
32.26114028441169
33.54858997154815
33.54858997154819
40.57875802002063
40.57875802002065
43.301861689529815
43.30187612033885
44.61167851846331
44.611688603226824
55.1881121729975
55.188112172997556
57.2193773680627
57.21938691471585
57.67360885911725
57.67360885911727
67.61816194949836
67.61817701516772
72.1526953441933
72.15271601054546
72.48350735092362
72.52031279787185
74.49129597477702
74.49129597477707
74.55248023319112
74.55248023319113
76.88061294267126
76.8806129426713
80.26047044027092
80.26047044027096
80.47476900685332
