-5.6376778245770254e-14
7.753801036655089
24.71354471777728
48.18761311600569
74.7520258699577
100.75833008603904
122.80586733836253
138.09396299533978
148.7258698389722
190.63542040443912
218.31663939543785
271.5036034846658
308.4303442434256
318.6509800218662
411.83588370524865
413.02918206140845
423.1337299543384
592.0655026363461
597.334815144418
703.0478265684912
734.1214916556587
786.1354567410849
963.0652372072185
970.4437050816326
973.2599287828693
985.9436047210415
987.0023419688652
1338.4473495146594
1361.4959884478458
1459.6387949305304
1493.8173288972282
1547.9248442633768
1583.0879948562326
1954.078047358019
1965.810836662304
1966.3236248101502
2019.8912126215216
2020.743332366625
2033.6496142455444
2208.550508710223
2388.471410071323
2463.6470660817076
2514.270280265739
2545.5612879746036
2653.7517167335895
2763.4600346770444
3126.4345586869363
3148.9496089034246
3257.386669959438
3285.8257850057475
