-2.6813620768173507e-14
2.401329710711212
9.241034956798554
19.486495077173974
27.37074550970516
29.589784197691475
30.205758935896977
31.609126202535506
36.42501830856314
37.17017774011005
43.846833007223836
46.91128731895037
47.536335579890824
54.52839497080744
59.66288014150187
59.807516729448906
62.426187564627185
67.03876111100705
72.02745013598677
73.01914546191597
82.60248966874185
84.7403704804634
90.16646777647925
92.83579163802094
94.29503539698584
105.55210100183083
109.3643391270909
109.81443512069852
116.50912358695983
116.83360667952579
126.88470456114979
127.36759656487213
139.207802915461
139.9995212568357
151.41486116109655
153.2274226061876
161.7526482780949
164.94295860637115
168.84080963630905
172.22378980816129
173.05267071023312
207.76828563162476
207.76858505003628
225.29089945954414
230.07173061222335
237.28750406442498
238.1322640957776
244.08270740604357
248.92648247513313
254.53936273036655
