-1.8386507594225776e-13
2.2737942907332327
9.066652445765289
20.293343179344518
33.980145867117685
34.86474632472684
35.81280282472017
38.0460980500974
41.074039264874536
45.80846095063557
51.41479060138925
55.428765564861635
57.750992130248534
65.86147177937899
73.98355372184649
78.88697496524307
84.35707981997044
94.4162362390476
105.8512235081877
106.80148307653083
118.85508417607386
132.88009013789636
133.03939922160038
133.04444293357795
135.90390873134405
138.8882491190367
139.22504601200927
147.0402149464532
148.7253638011305
149.85571058799223
162.1925067332884
162.62943069445606
162.88368500768573
170.80898159238484
178.6623695084523
180.63500465902615
181.45098956043668
196.06677398725742
202.70726691087296
204.14718605224013
205.14352213326583
213.37116596101407
228.73621801509285
231.13560503225395
232.29391632593618
241.42593568541477
250.77211926127322
258.5401046596047
262.965802489997
271.20396475214653
