-5.695097171631858e-15
2.8271632697074147
3.2190884126280297
3.529805653904975
7.951475977980512
8.76448495824938
9.760446665338222
10.03824634071074
11.425095762030333
15.211596569080818
17.690039388457766
18.407413921927795
18.93133804833433
20.26626583940612
21.618891593105243
22.088844230394855
26.963843361798386
28.654667406438925
28.94641619677397
30.392322846610774
30.817776642469124
33.10681797604068
33.272807650960736
37.22197570710947
37.36703299557801
41.16594701057449
42.136063316893605
42.328095967494484
43.640128675846626
46.287220973558
47.107232682754145
47.4824585178412
49.938408545899556
50.387048275208045
56.18991754781039
56.5290408658001
57.00310830082551
58.000862080472125
59.82814222886503
59.920276380996036
62.93203477796585
64.38163563675182
64.88533751674491
66.73899630448751
67.97362465138718
69.80682755485746
70.8895673555296
74.02489906166397
77.68099712274555
78.44694761406211
