4.3662989890336235e-15
2.743872495413142
3.679164969358887
3.679165432755464
6.245058514981594
9.786289107653833
9.786289789095685
11.045063407846381
11.045063733051155
13.037358990629459
20.58802532338613
20.588026477052434
21.075722548307365
21.07572279734152
22.58113590112816
22.581140970310017
23.024019594674968
34.28991952318578
34.28992602760891
35.90323181108289
36.65789804604684
36.65790308053253
38.25346624293471
38.25346871323234
38.28500828386282
38.28502252271858
51.871497676018585
51.8715092398763
54.127032651273446
54.12703451790526
56.19029537448135
56.19030434452991
58.064645176291414
58.06466722164033
59.72273606147533
63.1732488568063
63.173249988045406
74.78784331581683
74.78784734736884
75.74688054785898
75.74689331660419
77.81289145916622
77.81289962616107
79.58334188566951
79.58335911385659
81.7678591063493
81.76787204574187
90.57547786569249
94.16936888194888
94.16937698203166
