1.541301808405393e-14
3.529412137170616
3.5294122993370762
4.659883696723426
9.774004213950331
9.774004727144852
10.741453049586468
13.06453083899446
13.064532960683147
17.586996398507132
18.299184592058445
18.299186995511505
21.134794009033953
21.1347978209283
26.115345251699416
26.115348446101287
28.839074818673918
29.031767786202995
29.031781145786848
33.85412429154929
33.85412800202503
42.07619281217145
42.07622596980617
45.330473974610584
45.330482041508255
45.97338025996465
45.973381388146734
52.021166973858286
52.021184478604695
57.4902855310774
57.49033174633529
59.275414564944384
65.15870920491231
65.15871417133883
66.52568157784516
66.52568379484107
75.29171532833156
75.29173342518214
81.09013832309508
81.0901820971247
84.8838176077551
84.88381950244302
86.33577197260627
86.33579465925416
90.15420413020568
90.15420556682555
95.47395088954073
95.47401351965897
102.55878623584596
109.84665486726571
