6.675580227488709e-13
3.1546945497075534
10.40567593401691
11.676875054183682
11.67687575802546
21.044715787091622
25.559932010633275
25.559932549273565
33.57777151248651
36.52978000205889
36.52978106159342
43.40540097403198
43.405404224375935
48.404658133937644
62.42118132756954
62.421181400969644
63.15277602431701
63.15277650852272
67.92218600031987
73.4348059420205
73.43485648136361
80.64564499622227
80.64564966285592
86.21216135038708
92.31207820750026
92.31207984406713
98.51075167512235
103.50388218603767
103.50389679497407
112.13799000629719
112.13802888801352
122.19165949682464
122.19167516810528
124.31212150722531
124.31212203793673
127.02744318656838
134.8817808427484
134.88178557703483
144.9569354107512
144.95695457497888
154.70574052327362
154.70576753937593
162.01804066320554
171.96983727618144
171.9698531502657
172.89373332602125
172.89374667494377
174.1533588773708
174.15337137334612
182.95358857442451
