-1.6596099494670113e-14
3.407419531739139
3.4074207485907873
5.054637690172659
9.29541359151641
9.295415990644846
12.094452645399635
12.726990753028385
12.726992890815422
16.586504308312556
17.226729695334104
17.22673116384017
23.233011719106045
23.233016732568004
24.605980350826417
24.605981033165534
27.133608932180504
27.13361156870448
36.00042763629813
36.00042981626812
37.276608486361006
39.13950172995059
39.139536841545976
44.01324187952454
44.013245149117914
51.93252311999099
51.932525869617464
53.31810256750588
53.318146138855944
56.07574878030341
56.07575932247434
67.40960996750223
67.40961641187381
69.70332491191076
69.70332654754544
74.55740791035119
74.55741063516146
77.91284041050949
77.9128479647018
79.34159585326323
88.3073116360433
88.30735377979444
88.89405607439727
88.89408190704695
102.59521154123283
102.59521503292655
107.565608029857
107.56562835448628
109.12964512368265
109.1296815216867
