1.8058471384918562e-14
3.1429279698051946
3.142927989489414
3.3806470969432483
8.323081682402531
8.323085112006437
8.96894862030284
16.05623379936733
16.056234869954114
19.21191826338132
19.21191861195129
19.220692994706226
26.228014579752962
26.22803146026389
29.924674914123873
29.92467930188777
38.8063149031973
38.80631670691571
46.42922739952244
46.42922966319076
53.68447763903464
53.684494524290606
65.86888226224059
65.86890207901394
66.7703890399034
69.26031366984834
69.26032029695725
70.69427425731551
70.69428380140452
78.06633181187875
78.06635565622676
86.33471443579907
86.33471897047302
89.62533906465615
89.62536103581473
94.09253950909279
94.09255397081819
107.74789831486356
107.74791161938586
110.2362835023487
110.23629370728149
118.77609713475965
118.7761323716579
130.4818746030545
130.4818932726748
132.26115784494124
132.26124989111798
151.48226978217784
151.48229860591388
154.65459790560132
