-2.817017452638737e-14
3.4398988464469262
3.4398988997418765
4.171558851660006
9.616318167797349
9.61631886662595
9.70551466266757
12.517331311406782
12.51733133404114
17.389801394542168
18.12061692598518
18.120617571566108
19.565537592140146
19.565537861486366
24.419394532834406
25.446691554336233
25.446692352572896
28.88934346908284
28.889352091012135
32.08279281970891
32.0827935542966
40.007064199706406
40.00706445744349
42.02499490107722
42.025005974500544
43.008537994716015
43.008542256465255
49.183657437481244
51.72601270081587
51.72601492280382
57.59013535369641
57.59015447488879
59.27592247763826
59.27592249726168
61.57500010321869
61.57500538947375
72.74896111020783
72.74896113710467
75.61201477111233
75.61204997262178
81.6959835846695
81.69598450104088
82.10411388250714
82.1041367296407
82.1712165743009
82.1712225560226
85.12808483925484
96.09693039756051
96.09696945481403
99.67231568724131
