2.7495367094232392e-15
1.606634182116672
1.6066342635350415
6.233764783049922
6.2337652711012135
13.394676054362026
13.394678628119431
22.55039989416126
22.550403538506334
24.71455327276301
25.52330937082397
26.345028383455563
26.345029384803315
27.441261248385945
27.441262443261476
31.17768311613465
31.17768413721485
33.286658535043436
33.28665994651921
33.31787626231921
33.31788096862752
39.0414587180254
39.04146516707214
43.24284697970494
43.24285506922134
45.47292285150465
45.47292353734402
49.668610182289086
49.66861412532463
57.343895125313544
57.343896663659805
58.84771706114966
58.84772394868864
62.719341957074285
62.71934549729921
73.263843695213
73.26384555106561
75.26768316748067
75.26769968329484
77.81190654717142
77.81190772701632
88.51442294758516
88.5144448416518
94.55184309014129
94.55184869418648
96.34160466691533
96.3416066882618
99.17349756934819
99.19493441450835
100.91219396997356
