-4.2396641752873165e-15
2.465151313407362
2.4651527954034798
2.8768045725188895
4.199737842609972
6.462250273023429
6.46225241406844
12.837228707836449
12.83723023806892
21.180375686972834
21.180383002106794
21.78621562847895
23.002004533769885
23.002009463268344
27.23250575037898
27.232509894361392
30.957641809278122
30.957646949613224
33.9864626158314
33.98646613160447
41.546470796366805
41.546513076597655
42.83837648338896
42.83838460032335
52.2770999598349
52.27711438320522
53.23087202635641
53.23087932505985
62.47575514934989
62.47580462478648
64.50996781933507
64.5100151927796
71.50732348646221
71.50734210884094
75.96651545630571
75.96653085751188
78.81375745548473
78.81379285567726
83.94696346243757
83.9470100429541
86.5939735539346
86.59399086475405
86.88068946109237
86.88074349691323
96.56747291398739
96.56749341299881
104.41926821491928
104.41930483742425
109.94401100492969
109.94406363808295
