8.164580123093401e-13
2.162314366224914
7.231813167075862
15.154091985496493
25.87032666161822
39.30273300681085
55.35489361936977
73.91262630126472
94.8451835427024
118.00660225441658
136.5886115171475
136.5886267602423
143.23735908624437
170.3659253247218
182.4821389451919
182.482155545274
199.21108602537575
227.63941546550456
227.63943227393645
229.58368932939734
261.2881269544538
273.56899732027864
273.56901445076994
294.12495378793045
320.6123054510999
320.6123227092071
327.8912803681414
362.3822124362786
368.7774245213402
368.77744326045854
397.38938560480125
417.93127500388704
417.9312889062588
432.7060877835474
467.86574837835104
467.8657583829334
468.1169787306263
487.3032615652038
487.30333740183744
503.415815693352
518.3250168414469
518.3250315327928
538.3820932501525
569.0110855387569
569.0110892208315
572.8001369663024
587.1046638552964
587.1047514318213
606.4562987580892
619.6387104106648
