-2.0918509979761524e-13
7.36592961537776
24.559821774966185
31.929909026569522
44.522557355152856
51.349321917828455
70.12992945186664
83.28891871186022
87.07224033862107
108.41549873631655
117.47962863796482
129.12116132471525
133.73757418894346
137.24916583973032
169.92895566211718
175.81948404537147
186.14442763195095
192.83231398742308
204.11962335080884
231.24756839094053
235.26554880544853
242.75196225326096
253.58715775280808
256.61551998617864
273.4011352909259
285.9199278804096
304.10320843595423
311.4864217331837
324.9102873151018
330.8290274002223
342.06112521894704
367.4890918423952
372.190892122882
381.1499453575537
391.32910896815997
404.31683157713115
412.82936196868843
417.101632764629
426.27277156604123
453.03074004644395
467.9311134496827
470.5555034737084
476.55193757488735
482.4631640917779
501.71163418472304
507.7892207232572
525.6229591352718
535.4474663733814
559.1805356198354
567.6010626496234
