1.8556337022523905e-14
2.3972723958665303
2.3972726152115853
6.480183733622251
7.034804870413229
7.034805149463118
8.182442259732959
9.717027290704277
9.717027842423711
13.592776623776436
13.592777877526192
16.14059705114518
16.140598117459028
17.29347851594527
17.293478532180362
22.104154726173228
22.104156993392678
27.147001632554083
27.147002945780518
27.289255120327105
27.679281332623297
30.030590793857566
30.030590985662343
32.39251549428742
32.39251766245513
32.535859935988135
32.53586435532184
35.09137156980708
35.09137362589231
38.923460436530895
38.92346224731013
43.780921800821574
43.780923860090944
44.845075148724725
44.84507862258733
45.85009654318027
45.85009673875572
52.58417498014705
52.58417780849062
58.981269671045276
58.981272246670365
59.034439774291585
59.03444206287549
59.59077728399274
59.590778413532526
61.01075827838744
61.07727944633397
63.09702005835447
63.097022966086485
66.65049860492731
