-1.0678957718113224e-14
2.284560538979158
2.2845607173336977
2.3695438027319464
4.582937860021236
6.865266188378562
6.918686169926354
6.91868658577793
6.995879979434874
6.99588053535877
12.144094951477161
12.144096124693863
14.703282708806537
14.703285871193415
18.143121652075724
19.538566418797583
19.538566858907807
20.772686805009194
20.772693841204838
24.388155838929855
24.3881568355537
25.2163341305813
25.21634123181511
32.55255434209376
32.552560512802835
32.6728830437661
32.672903523865344
38.33319951370795
38.33320142551807
39.82277567953025
41.2598477912611
41.25984812107215
44.12432834982837
44.12434855713009
45.68982694982846
45.68982752919297
47.63989862989662
47.63990660521437
53.10191313327124
53.10191641428597
53.89337157967253
53.89337741599431
59.16027231445128
59.16028167269383
63.549885337846334
63.549895366330595
65.22665479391539
65.38509066273494
65.3850994906286
66.62429715954542
