3.426252337401792e-14
3.6408702227251384
4.034548312077801
4.034548312077856
9.472272286810203
11.572089244078438
11.572093227065158
13.327794515234684
13.32779451523476
18.0541515150225
21.182731319756545
21.182731319756567
22.148715991179273
22.14871599117932
23.592055966986393
27.856776182361468
27.856778232885315
35.255850746360316
35.25585074636049
35.67345166679821
35.673476133986014
37.0809064291474
37.62455273229307
37.624566591028916
46.02527337784594
46.02527337784597
52.22193045274954
52.22193045274963
55.44291237890513
55.44292101323644
60.18422312881865
60.1842231288187
62.50791275361731
65.03406156698867
65.0340615669891
66.88962891587947
66.88964312286697
71.82700807431381
71.82709166635209
79.7704968027924
79.77049680279244
87.72700899696105
87.72701932111684
90.80637222979134
90.8063722297915
93.13484848294779
93.13484848294789
94.47890901483613
94.47890901483623
95.69647539799864
