2.029279522197669e-14
3.4066739945288123
3.4066745186544987
5.003975471015234
9.304081180033894
9.304081800832169
11.895688279231665
12.726140028668881
12.72614350137515
16.606330841450742
17.252254966098644
17.25226037710862
22.863935813699012
22.863940299243524
24.661501564435458
24.661505144467167
27.17538264968612
27.175396151914345
35.54285698760552
35.54285701699755
36.073777169714454
39.18457437620929
39.184605534936836
44.00953277347275
44.009545641119026
51.46087111453124
51.46088134194564
53.33928407709247
53.33930199412928
54.61278699406572
54.61279268443654
66.82483642763142
66.82484980972838
69.65664442725522
69.65667144111674
74.44962068480739
74.44963780397072
76.20220315360746
76.202204570329
76.51255575819262
88.07178889152489
88.07181049170707
88.12930289304794
88.1293255275908
100.63177705143562
100.63178845225038
104.31817635346393
104.3181857041351
108.73417788572581
108.73432576961984
