6.197299617927143e-14
3.429709387358036
3.429710153389195
4.924655212587033
9.399105834530799
9.399107237082575
11.56817028352722
12.80789215112722
12.807897464079572
16.774693073978142
17.47233211276119
17.472337526187534
22.311180606765667
22.31119215397852
25.021764455808704
25.021773865878735
27.577209124621827
27.577220428790486
34.00747957214758
34.93554694645736
34.935550445047284
39.82626305742459
39.82629816825992
44.55090547557582
44.550932990378676
51.134573862399805
51.13460071537857
52.15656535770273
52.15657921577566
54.28255433309094
54.28255803136761
66.3273347085518
66.32733905181531
70.96821478301521
70.96835564679058
71.6307597023431
73.42793359318458
73.4279376870046
75.89767778735093
75.89772801026332
87.41351368866307
87.4135388220499
89.88218721838865
89.8822671081111
97.59331535357254
97.59332533220903
98.80775719874349
98.8077726954058
110.45113944857361
110.45114006230831
