-4.911002160490341e-15
7.1461331080772545
22.707293495044645
26.64819120218819
40.312127229118865
44.88512660086181
59.06120831464353
70.204157908522
75.05586588697936
88.64124547818369
95.68868800545853
98.86216502984476
107.96392029261179
115.40922645807241
119.5296011077458
129.47694960123638
136.37406858632923
141.0219551152469
148.39563208824057
149.38244508075735
157.1867391880648
160.68452439556054
178.71335728926388
183.3208700470739
190.66436532298553
193.68248364173135
196.68219052114878
210.15659989163697
226.78215433999839
228.33622164254143
237.96894272629498
252.48778574891875
288.48278190412276
290.7382133721827
294.1151302884515
296.40419240652176
299.41072335432244
305.2142385707836
310.3255190908018
321.919555987918
346.2962245563138
355.9644890937747
367.69487155913004
377.4782775840367
382.2123716575484
416.827448282201
418.15535160944694
431.3606482623014
433.6081184904134
436.21298910058186
