5.289796378704636e-13
1.7540929641595118
5.797368065206058
6.751954967369284
6.751955327117144
11.775753844497492
14.62664986182036
14.626650468185812
18.88869565068204
21.17418297328387
21.174183333705514
24.735428769059144
24.73543015679131
27.193491756461167
35.913407232610155
35.91340935333727
36.05268388845584
36.052685082601236
38.113975819026145
42.61628092676689
42.61628157112402
46.13895965822416
46.13896761817255
49.39718326234238
52.90890493176869
52.90890515874931
55.79957375318081
58.81580269276254
58.81580725461686
64.69784316308889
64.69784415297674
70.95655309078138
70.95655845354548
71.29708147340855
71.29708193394828
71.35581980906217
76.474819417534
76.47482122974901
83.72531722633633
83.72533182394196
88.9652114045265
88.9652123521205
91.20104083634854
97.53472035877172
97.5347235179726
98.89779872900019
98.89780558963717
100.6574726232391
100.65747626405579
106.27295151252513
