9.534734113358923e-14
2.6638889877707266
3.7736120653091256
3.773613338728116
7.649615005144613
11.038097418591924
11.038099773045472
11.352770016854096
11.35277115822259
13.708396047963346
19.169407563858357
19.169414320504774
21.381396459327718
21.381402697309195
22.010244259954078
24.36584860496415
24.36585092865064
26.5800697979685
27.9767531971092
27.9767639587278
34.73073373418069
34.730738056021195
36.12001592420846
36.120026128692054
40.79389629095912
40.79389973109833
42.55236666749468
45.03461051264089
45.034617116491155
45.690567032347154
45.690567458843766
51.16060812035028
51.16062271228481
60.22512378792461
60.225125392615716
62.81010987487487
62.81012304981499
64.26397755497999
67.74802553404277
67.7480365399527
68.59320193140638
68.59320709631308
68.94705202533534
68.94708105765892
70.71556202339742
70.71557640265276
82.8151882744468
82.81519777459276
90.76566113376464
90.86536124125021
