2.149842803778057e-14
2.4190193491030825
2.4190193626538172
5.65808507962703
6.944983906756848
6.944984029304961
7.643662833623092
9.283704359379453
9.283704423868121
13.382289469438582
13.382290439898373
16.92637759859292
16.926377840658525
17.217671400507374
17.21767152579723
21.679678116829113
21.67967824071125
24.174796194957413
24.7830146257897
26.55158202434546
26.55158367144795
29.762502282577078
29.762502336414748
30.592383402103128
30.59238380768399
31.741045067975463
31.741045133304816
36.51893563053439
36.51893584941578
37.97376039348767
37.97376045209075
42.87253298057597
42.87253426835021
43.448542904508436
43.44854683933473
45.20236896303276
45.202369130373334
51.10220299266099
51.10220388872015
54.04648633470544
54.18276092678283
56.66336702223468
56.663369845429976
57.56966762920901
57.56966800191561
61.6939542687284
61.693955266288526
62.00465255385388
62.00465585787498
62.18583535644885
