6.3629657098829284e-15
2.049466116298338
2.0494661162983445
7.048397978348773
7.048399016870535
11.620313278290723
12.713637706782844
13.824570788701713
13.824570788701733
13.82628215421445
13.826282154214471
16.123234885940633
16.123234885940665
20.082565017336883
20.082566275000243
22.20506189395187
22.205067879321145
26.68234091293116
26.682341634644285
29.537289514881262
29.537289514881284
32.09197079725254
32.09197079725259
41.29119032922425
41.291195536555485
42.88415801202937
42.88415801202945
43.30255078050402
43.30255441190564
47.110026003254845
47.196034703310886
49.748786735143874
49.748786735143995
49.955684538013905
49.955684538014005
54.70931101783517
54.70931101783519
55.59794346825459
55.59794346825461
57.63080311423845
57.63080496590761
58.55308468659303
58.55309009052737
61.08949198678598
61.08949738367385
68.70645692549238
68.70649811746911
69.38748900648199
69.387496619854
70.49440939395905
