1.1559416618345253e-12
3.0207354205389776
10.086703318944737
21.062735393620436
25.680335476058122
25.68033641119115
35.7074824232963
46.032916853873864
46.032917154748596
53.542903245624906
70.07037998087611
70.0703815557007
73.81324833817195
84.37674862180184
84.37675426804093
96.15030874000045
97.7793770898715
97.77937808504062
121.60393744477214
124.57913244942485
124.57913573862932
128.60752973034974
128.60753228880287
151.27939658588872
160.908863749862
160.90886519929165
167.2803887962538
167.2803991969525
173.86878550782674
173.8687949977165
184.66862466397802
191.87750471707136
191.87754831224743
213.26076818617338
213.26077678268743
216.46912744049447
224.4700025937906
224.470049679349
235.56964712115945
235.56964880100878
236.8870965735687
262.32848697557665
262.3284920527882
264.4089261088957
264.40898185188365
272.34791184790737
293.7075874010621
293.70772323560044
298.0720583683707
298.0720638146555
