-9.501080477924972e-15
3.401038453257414
3.401039155805774
5.031171439247205
9.27436823560694
9.274370686365405
12.010152719668264
12.703758996687949
12.703761677338244
16.58416633443219
17.171957659698016
17.171961227292687
23.068560083907023
23.068565043843563
24.51580848710738
24.515813678407586
27.00607289807412
27.006088178732035
35.774586744448904
35.774594207050455
36.81979584319624
38.87401203080463
38.87402932366675
43.66983411921141
43.66983594679228
51.600704567030455
51.60071153497505
52.81737575102416
52.81739850046846
55.52065600584117
55.520664130341025
66.87282196943701
66.87283019437277
68.8314273283422
68.83146900760276
73.58813765807075
73.58817588356537
77.26540758667925
77.26541732279756
78.39908076629955
86.88293838366461
86.88297650600417
88.23328926631824
88.23329917258434
101.82648236678197
101.82648750693271
106.502393640728
106.50240726214186
106.91902407116262
106.9190292801687
