5.26561433344952e-13
1.135553991043177
3.8031093747665845
7.985973262670014
13.671282701478226
20.842121598564386
29.477336809680732
39.55157829242411
51.0353491974072
63.895107111576316
78.09336156994357
93.58874669103338
103.37202577768849
103.37203050428562
110.33630305417245
128.28743956678943
133.62729834961107
133.6272993239678
147.390358067188
162.99860194608272
162.99860627476664
167.5899760852654
188.82853040892482
192.69215214197513
192.69215562551253
211.0456958495743
223.08159949775853
223.08160104048747
234.17895986161986
254.3065730157648
254.30657400809145
258.16355614798215
282.9343316866813
286.4115981906056
286.41160200188705
308.42395418135675
319.3935456827727
319.39356208102316
334.56566074491053
353.222081219346
353.2220981773918
361.2920238345938
374.2836137246176
374.28363892668995
387.84917798459634
387.8491983988869
388.53554056304944
416.229391182633
423.2139955032181
423.2140057051989
