9.913944665207453e-15
3.1457872433366068
3.1457875294220616
3.37471575684791
8.352020125833798
8.352023630968883
8.98250900921217
16.172441220252264
16.172447875952248
19.279793000166727
19.3168541759938
19.31685517771206
26.548065051839856
26.548067831265335
30.060815632448808
30.060821156420094
39.527653666217724
39.52766642912898
46.72486206628597
46.72486717694995
55.10636296894586
55.106383530963875
66.51963077959319
66.51963351590189
67.51601069718082
70.00421912029881
70.00422263404671
73.23546791286982
73.23548404646347
78.806262838339
78.80627608864893
87.55172733101377
87.55173915655779
93.83965441778591
93.8396681890065
94.91228581989559
94.91230448202339
109.82969337620584
109.82971413132128
116.82564024560214
116.82565960602602
119.96491353203825
119.96491939806197
133.87668809286484
133.8767049359093
142.08591118686945
142.0860762584759
153.60482749490998
153.6048431008832
159.96918545354347
