8.146261443187086e-15
3.363623852786553
6.288609950917574
6.288609950917588
10.43711050770116
17.07161688596057
17.071616885960612
18.65547585653468
18.655488306955732
18.856391472204574
30.176209103111024
30.17620910311108
30.835931795351904
36.19438669819689
36.19438669819709
37.79054691102388
37.79055846567539
41.21303433516348
41.21303433516352
41.479428195817
52.17418214426411
58.40924664687117
58.40926553138163
58.759104072456935
58.75911659326801
60.87196583274358
60.87196583274367
64.1228784457489
64.12287844574894
69.62509769066969
69.62510568567818
76.73658317461069
84.91914309781114
84.91914309781127
88.56507346104895
88.56507346104905
95.16779145996503
95.16780300882586
96.65727527237961
96.65729455248855
96.65954902815704
96.65954902815713
107.38002942757076
110.79695726111527
110.79695726111537
115.17914793440575
115.17928996857496
122.14653755510344
122.14653755510369
130.4914383056559
