5.158790061798868e-13
3.861202730857585
12.856094076779144
26.752976316755717
45.23343205611651
47.848067051880214
47.84806705188063
67.85884599039164
79.54087663221623
79.54087663221632
94.06724178186535
114.95730916200043
114.95730916200068
123.200422337439
154.10805077647774
154.108050776478
154.62233039628168
160.25667342088917
160.2568399087903
187.9487787020475
196.50442972778714
196.5044297277874
223.15078629594188
223.7803667697759
223.7805165421648
241.4058185242999
241.40581852430145
260.2451641370036
287.2027536946621
287.20290707050657
287.82453264951965
287.82453264952034
298.9059735861033
333.1597087593212
333.15970875932214
334.51695490538873
334.51695490538987
338.41681313071933
351.77716229911584
351.7773034658266
377.71390858964514
380.2877600209049
380.28776002090666
415.0512721442579
417.2542759780547
417.25440341253045
424.98823180855334
424.98823180855436
430.5680710700235
430.56807107002453
