1.0286910212542466e-14
6.664257062859788
13.957241737251428
21.859157574507197
25.235926577316913
36.136765076686856
43.06720676149994
49.72861795409321
52.79936156777282
62.62918440102668
65.07880253395528
70.24344447213346
80.63482573973866
84.05328804833178
92.6719271192522
97.78844638152586
102.1213953370254
106.550518956092
115.4242467243375
116.46336005699091
119.17169949517259
122.44136439434438
129.4246174036286
134.24500679172024
137.83736114815994
139.33595252366155
148.55117955841072
150.81070920990626
151.7992813100174
156.74113637805726
158.7192403609384
163.85593152795238
168.573973629396
178.2785062491125
185.12140354364422
186.18021326531584
187.81634113466842
190.18658984970838
192.60960002932197
193.87966740629776
195.42918694074925
216.03975727301122
219.15054652183113
227.5319831540992
232.37905942302555
236.91938894649087
237.61377820250567
243.95251527223178
244.8989432566033
250.25334028890524
