-2.905661822261152e-15
3.1411837390710176
3.7686240200964365
6.334726117481421
7.449564564422516
11.872016837381963
14.682337525734145
14.785876169865029
16.53272126419889
16.889213827173627
18.63401150867812
24.678698523118044
26.01879454550442
28.107452758497224
28.29848127554819
30.165295719448306
30.967357663634445
32.87986640690924
37.67399654836147
37.89965352912498
40.64893840070019
41.80606010956347
43.11397909556691
43.38128303163701
45.6969432921405
51.73271340195818
52.03004499695204
53.66305825625331
53.689137251336014
54.85835351258987
57.63367039058011
58.297281933636086
58.41431458141247
61.714574848019346
63.073470789941624
64.59412223554969
70.40768794339016
70.65786578009975
70.68356608413704
72.83343302972538
73.19301833855366
75.26771238490106
75.86102427521601
76.44307230334671
77.7076306882314
82.71662777250111
83.07932887106163
83.17268942754896
84.77642464050815
86.32706723154443
