1.3522169495239211e-14
2.392380048627504
9.54101202141014
19.1352575388479
20.960820055835004
21.359636123575022
22.142876602765167
27.8644079971648
29.543465183021418
37.69876894728598
39.32777412884556
41.65927544012031
55.282474214733135
58.304360752067275
58.395386285553556
75.62494950045587
75.64462000030376
76.84321786922915
79.55493134816228
80.14289029718793
82.41804974700948
83.6382232464651
89.16206914814967
94.93434880634902
99.89386248304342
100.2112218474124
104.86080647339013
110.6807474751031
112.78305056336731
117.0911689260318
128.85191551772576
130.79364296310948
133.90260204870185
138.54848856937815
144.62932708256324
155.14842918728374
161.30008267588713
164.3955474222307
165.3107629309444
169.51978158101062
169.74230579729743
174.59829073388678
176.4334094507291
179.58987306230244
183.57363250577527
185.07693130154541
187.48674842970027
194.46225858305135
194.67177739086668
197.3700975569388
