1.9529516892546894e-14
2.2819962812543264
7.218941906620232
7.218945086606149
8.326400886870701
13.658838898312595
13.658842207998367
14.354655443324134
22.344145647161433
22.344146012750883
22.673546654214917
23.407265213493705
23.407273014782806
34.706514925178915
34.7065208991088
35.43454157668938
35.43454818079195
37.08394702359362
48.73058372939937
48.73058911488806
49.09102096485425
49.09102585005324
51.498084951320976
51.4980893274058
52.529648832493045
63.74575291772456
63.74575311572303
66.81130219288113
66.81130566244964
68.36335932155012
72.69815742987409
72.69816148598635
81.2738582134164
81.27386915115332
84.10124141244118
84.10126509977464
85.61182885735504
85.61183518360608
90.78539091825074
97.88300172673729
97.8830097449198
102.10178076035423
102.10179895845715
105.65053025418287
105.65053754526053
107.48834810897287
107.48837772430511
118.42340482827646
126.38207585609689
126.38208154391447
