-1.543556948924163e-14
3.4729635168088433
3.472964354892008
4.848766180651106
9.554879164884285
9.554880552213193
11.273965863124806
12.948225730967797
12.948227617842596
17.087296991682656
17.811732275476952
17.81173886514015
21.877936869448387
21.87794005840162
25.524375881308753
25.524377912050806
28.17400219057021
28.174012098293094
32.101348407787206
34.54490902386363
34.54491291349142
40.75514983220378
40.75516783573581
45.18287783415556
45.1828884884564
49.952197292139054
49.952203172059875
51.34243347898025
51.342434505228034
55.62099194124877
55.62102858964019
66.11364592206493
66.11364932749328
67.22722231438732
71.05603286123366
71.05603736047973
72.79773104678583
72.79774263943358
78.02978617720176
78.02981963055086
87.28047068585232
87.28048145538224
92.28871924519768
92.28877589141005
93.97383084506536
93.97384251953527
95.14704098011734
95.14705092658018
110.60350203315811
110.603523540887
