-3.4850594632374055e-14
3.4146779285951876
3.414677976675614
4.955672008632711
9.344814408801374
9.344814677021263
11.69837245645452
12.75372025445799
12.75372168501936
16.658049755210865
17.356614254676177
17.356614935600884
22.51472560259483
22.514725829544304
24.842152565313317
24.842153294379834
27.382423686096757
27.382429926424628
34.77579764248185
35.125126197242956
35.12512736494733
39.54193701082913
39.54194783091258
44.325812808999196
44.32581904601084
51.1640365022436
51.16404118916907
53.00516349738126
53.005163748935416
53.90636304896438
53.90637625729401
66.42830707585671
66.42831278256695
70.50760538339755
70.50760997373796
73.11302739235147
74.26651965948872
74.26652085757661
75.38843511986357
75.38847047182449
87.49378845887462
87.49379917616426
89.35575585817448
89.3557799714185
98.36902502244912
98.36902637966931
100.3184253663856
100.31842612082868
110.44798923704656
110.44800739093449
