2.8828155140825373e-13
1.148865818526485
1.1488666459285757
4.584062056231237
4.5840632244933674
10.271523751567365
10.27152451728983
18.154942849345748
18.154948668824257
28.156475741109865
28.156483409176083
40.17768803886204
40.177698647810324
54.100773450256895
54.100774222289274
69.78995118072133
69.78995395749426
87.09311449957978
87.0931393218841
105.84364459000484
105.84364587717319
125.86220759953142
125.8622351471312
146.95893416952484
146.95894903475184
168.93531489102259
168.9353389199926
191.58637738086958
191.58645215931517
214.7027930662195
214.7028627298855
234.00653247243577
234.57918733134014
235.15693135058083
235.15709983890736
235.74504926974632
235.74521852555688
238.07278449489107
238.07281945690187
238.5978465462778
238.59791002365074
239.23321298141337
239.23327241279333
244.29745532215168
244.29746972893486
245.01436199275167
245.0143913592604
252.20330814525795
252.2033794806717
253.04011452202454
