8.089015568479851e-15
3.5753861972988
4.072847613511807
7.3457305730703935
7.9384843403164425
14.024056230834404
16.21014896812396
17.575110837474778
18.825883035945264
19.01234330429142
20.305173160568316
29.137228940686537
31.18902355021099
31.33992817116349
34.42748426814335
35.597437382776704
35.67456481798253
38.24442543265095
41.45153535431056
45.84872972049179
48.22136639663938
48.52762288452127
50.59103821117834
54.303313992299294
57.53227591798842
61.319700567441465
61.80175447866039
64.58988961705025
64.75402368605674
67.86644573064135
68.10510868927786
68.7478331865979
71.05989806396336
74.5016677425888
81.06154996947616
82.8335881255468
86.20474101325989
87.51080312833365
89.59328895850648
90.18776255508938
90.69627119366386
93.52157260555721
95.57852259819585
97.28321172413058
97.50519245571427
101.51859224225524
105.25121037640714
107.07664624979256
112.5236552195579
113.38063163763923
