3.4215512367818945e-13
2.446240167553953
9.760918976581499
21.872162121268108
36.765286998442384
38.660949160034576
38.901593711929486
39.55900911460371
46.14959627443587
46.961989887378714
58.16712867394206
59.17504862980495
59.96191639314841
74.86018293155662
76.09690155360302
85.5629492430775
96.09667304117254
97.56363163307819
115.19457028448136
121.70621221233995
123.36421146126533
146.17389985383866
148.1940650945397
148.67824318111764
150.0853617474401
151.48002858306774
153.2440349214525
155.42725040679431
158.0545044184985
167.4208532408955
169.9113741932199
184.0819337214961
185.17175018264484
185.77487873390982
186.9058484351027
187.0101870221899
205.27975443148281
208.60938559110144
222.49776003953204
224.0079643394624
225.27095981068024
230.84544173550057
234.88076266753052
260.57177347315053
262.762589049444
263.13872836152126
264.1455268698579
270.0822272134021
294.21389553193063
297.14240573109765
