7.355227538141662e-16
2.5911389697122544
2.591139785354962
2.8853568293545675
4.2176626838052425
6.784615024978768
6.784615444728798
13.736511748467827
13.736525399268698
23.391307780216525
23.3913174456049
32.02428541637204
33.345923221963105
33.34592666789238
35.67183546392986
35.671849060344606
37.734129363739655
37.73413023011883
45.01225277764009
45.01227466560863
50.47992316899806
50.479941239034844
55.12728565002673
55.12729924555002
67.69712052604243
67.69719615969301
68.00551084494111
68.00552884604997
83.55312306051536
83.55314674100126
87.18578343167046
87.18580573287129
101.65686216396284
101.65695389679811
108.78987212758975
108.79000242431414
122.18502010231268
122.1850430553267
132.33672767236794
132.33689198309804
144.9880239852469
144.9881725052809
157.63818270787067
157.63831635942614
169.9001166736939
169.90030357237663
184.49231547308335
184.49243952275262
196.7401415928717
196.7402784225426
