5.960509863456309e-15
1.8198333820686254
1.8198333820686319
6.787483556219478
6.787483809033789
14.011172305236835
14.011172305236885
16.279348339302953
17.20993372615958
18.157222733885295
18.15722273388534
19.68281122794697
19.682811227946992
23.04425545979112
23.04425684602323
23.678018243821565
23.678018679537704
27.401075541550007
27.401077699704423
32.529213148569205
32.529213148569305
33.82052460418389
33.8205246041839
40.637979134629255
40.63797913462928
44.27518510409664
44.2751857695997
46.326433247474164
46.32644576834918
58.464956951000154
58.464956951000175
58.68367097633768
58.6836729091421
60.51071267176026
60.51071267176033
65.5525195123951
65.5981083935907
67.64995773337542
67.6499577333755
67.72964552492397
67.72964552492405
73.9497576703766
73.94976145779438
74.18988328634775
74.18988468827094
74.72122596494727
74.7212305475634
76.28954664732083
76.28956098557008
79.90807556469674
