8.5192269905221e-15
3.6235381296219495
4.789310757647567
4.789310802197115
10.144698407460318
13.921482646447508
13.921486154369958
14.782513130926526
14.782514071329292
18.370705380186056
24.55319715353379
24.5532033334019
26.844616016193342
26.844616798666777
28.12175701338378
31.43202138573093
31.432023058386186
35.76922756043542
36.90721899273115
36.90722248115607
43.428724254570376
43.42873931878723
45.41422205979947
45.41423084128425
52.32566536331324
52.325665669145714
58.22767720644331
59.573794959523205
59.573807492076426
60.24809295901331
60.2480934669923
63.724052548723606
63.724072092331966
76.79634571986283
76.79635846337388
79.0488535502021
79.04889676921788
87.72859011942249
87.72862463750214
87.80395394789961
88.02574670897289
88.02576048164337
90.54103060828214
90.54104039661289
90.94953367348354
90.94953903290495
105.03218050242772
105.03218974051272
115.38476916826036
115.38482871343511
