3.914334134602626e-13
3.6147232403396443
12.027627346791574
24.972496272210826
26.276430916401445
26.27643091640153
41.978840147207514
48.602235743925384
48.60223574392549
62.223756428892266
75.20723332634533
75.20723332634547
84.7615426143298
85.5717768701316
85.57179155477705
105.79726002599187
105.79726002599214
109.79039837472455
129.0367585311923
129.0367623594147
138.67625231904174
139.30334792281454
139.30334792281542
171.55691855131045
173.14850571551807
173.14850571551872
175.29597358368656
175.29598739741357
175.50215370331856
175.50215370331858
205.40788319019353
205.4078831901942
205.67774584601335
224.8172901723735
224.81729397804574
229.17991188752802
241.56120745308596
241.56120745308638
241.91955238971062
241.91955238971147
257.42473818507875
276.87979048840657
276.8798288602738
285.49277168659745
285.4927716865981
295.50880895813657
295.509224187126
298.6166709875497
308.197471105817
308.1974711058171
