1.198000032509583e-14
2.2555802459542624
8.661135816475685
18.544112835993932
18.544117418023653
18.937454383866875
28.598385671624182
28.598390441269068
31.791598370254686
39.60179588219255
39.601801100451
43.763197149930306
52.368287728608244
52.368291827005635
57.9727141118779
62.258393747952816
62.258424383801355
68.02640646734118
68.02641185848206
78.21521287239284
82.50436047041622
82.50438490887598
87.14402212031634
87.14404295528543
101.96195045726988
102.59238358290762
102.59241074697299
109.58563168994135
109.58564796773786
123.1528802885537
123.15288884668036
127.52155629078024
128.40860326813572
128.40863963130042
134.89592317061553
134.8959409440459
144.3427166078998
144.34273259177948
153.44872403213628
158.83328263115135
158.83335169676374
162.48157034361049
162.48158650184385
166.32264641628174
166.32265383426383
178.793166945469
187.85531736811373
187.8553284918967
189.51121787367396
189.5112362454864
