-7.444739269502065e-14
2.6144325407744273
2.614433589316755
2.899620407620685
4.241863203036859
6.803056373292657
6.803058033402028
13.707740268506997
13.707743914219414
23.215344941677365
23.215348984401675
34.77664493509268
35.17023553611796
35.17023654356379
36.10800258808987
36.10800723678501
40.47870861723261
40.478712085718655
47.68627719618151
47.686282976392164
49.37697930119818
49.376991600409575
57.61659491591772
57.616599833669845
65.60378337515546
65.60378723963305
70.11246097532876
70.11246203480266
83.58645779780365
83.58649691191196
84.97609456776604
84.97610556255368
101.9723264678567
101.97232923339192
103.03310080344696
103.03320851673541
120.83228047795234
120.83232084258212
123.62915657384693
123.62931512235815
141.2577422217486
141.2578627971712
145.042901598571
145.04292433120375
162.92590707925572
162.92608514086035
166.93085364241583
166.9308662060007
185.49454960534413
185.49456837567257
