-2.936539900133539e-14
3.539504936273589
3.539504987478089
4.669668357897174
9.800845473935016
9.800847632929425
10.762133646196721
13.097849977289128
13.097851183770336
17.64196625357168
18.345640219279634
18.34564728901097
21.17485964276263
21.174861992148383
26.172345601155584
26.172348195740064
28.82077345041401
29.09659792011211
29.09661937911633
33.910588959673404
33.91059196018951
42.15363297411015
42.15365584993053
45.38968938344718
45.3896951034568
45.94966657967949
45.949667148632955
52.099037269267384
52.09904065549606
57.56875774966921
57.568772338148946
59.064216305227426
65.21598207947085
65.21599693986838
66.47867300524139
66.47867739230519
75.35241530474943
75.35247364785096
81.13149762766587
81.13150369614833
84.60992133429198
84.60992421328302
86.38246499600557
86.38247768321044
90.06667291680108
90.06668180954186
95.48962719616985
95.48971550448684
101.82974235694522
109.86082292031429
