1.3677566024217214e-12
7.976677444035656
26.656051900940856
55.788869880645166
95.08208711239189
127.61157008364054
144.19752419378167
174.2781067906334
202.56095160008564
219.87636030147706
263.5066467207394
269.71776661731997
311.97633535723025
344.95273005956915
358.6295688878056
410.1571807479571
427.3959105285103
461.06443431383883
473.3105981183998
517.1510755399811
519.3386132180931
553.8905855515881
572.0583488395617
612.0978061911982
629.6669819422572
658.2904921709766
687.601878011514
712.7667872242935
731.2772621830119
750.0158228251804
810.9684132222429
815.1793682756759
827.3732019653229
874.263504977437
901.1696173172672
923.7379602413282
939.944147726437
986.7782161720497
999.1398014917785
1030.1577764078609
1050.5416504169025
1065.3226481180618
1079.7278536666965
1133.625496725799
1136.2127500169706
1144.7573392329941
1172.338615493808
1205.988281987125
1249.3424209713971
1253.952656756012
