7.477005126155234e-14
1.9999533557124953
2.000474803115488
2.0004772464525287
5.995709746807235
5.9983335895411285
5.998390776610707
6.000220647861992
6.000272292897521
11.979284601304395
11.98745334142278
11.987841507457071
11.993044775546075
11.99312867101007
11.9952247219875
11.995495940212505
19.939334639485683
19.958519622930535
19.9588459651696
19.969434115967
19.969816698792453
19.97815026254424
19.978751512364973
19.98041445107362
19.980672941533616
29.861095983229532
29.897440392630553
29.89878087447686
29.9166705006951
29.917354506798645
29.938301555311728
29.93957658529677
29.94133865946426
29.942665187741184
29.95107083445522
29.952185934268783
41.726140618930486
41.787266486578496
41.790704326984425
41.81862245686961
41.819528928927234
41.86086910698557
41.86301396522525
41.86436183433642
41.86581377737959
41.89091261517767
41.89278311420375
41.89376995073877
41.89695639884326
55.51300755625997
