1.9280358559692345e-12
1.246508083706646
4.169996023521624
8.741546856647023
14.930969843920156
22.698339069442813
31.994057400436045
42.75927062683532
54.92627504692066
68.41918415772996
83.15445120089493
99.04165828567092
115.98427780616883
130.73379675492677
130.73379675492694
133.88038948113913
152.6238214721205
166.72944305929255
166.7294430592929
172.10432967328333
192.20865016426572
201.03055466151892
201.03055466151906
212.8221885056588
233.8268074734752
235.0714587420769
235.07145874207774
255.1054345934177
269.23607553518536
269.2360755351861
276.5383663375189
298.00590181753245
303.6064213137651
303.6064213137658
319.3880104670846
338.13637266368585
338.1363726636868
340.56534802155795
361.415097344048
372.7101281016664
372.7101281016667
381.82156561070707
401.6630377351435
407.1666430709534
407.166643070954
420.8241201068192
439.1909050777358
441.3172443249848
441.31724432498584
456.64934116629564
