2.0693516344927332e-14
3.420394348090156
3.420396416521369
5.039309171452057
9.333942497331122
9.3339450204336
11.998813457501099
12.776698139874632
12.776702593541833
16.679401967420837
17.29281187464707
17.29281321483188
23.053068836933598
23.05307922168061
24.702639036699907
24.702640650877974
27.21195975031223
27.211963604405017
35.797033563635
35.79704016754437
36.53405847983743
39.192357824924514
39.192419608269105
44.01805322619148
44.0180576236186
51.72875151337455
51.72875381429271
53.280293970815066
53.2803212982906
55.22252088305014
55.22254086500905
67.1044646024367
67.10447276711159
69.47644429022863
69.47649020157567
74.2487134798727
74.24876183666325
76.96733981231486
76.96735013449958
77.59044341160084
87.75395067704977
87.7540294824075
88.47672172223655
88.47675648634674
101.54673278659483
101.546735977796
105.63768841768595
105.63772367712293
108.06727996265973
108.0672878334496
