1.532107773982716e-14
2.0677252889636146
2.067725304495572
7.091418947021438
7.091419437905838
11.282575880930262
12.400303108802065
13.513263213372976
13.513263227874553
13.96573710308769
13.965739473195262
15.910585900030888
15.910586249554697
19.858034533452944
19.858035350398453
22.61350522504697
22.613508199571694
26.78703334870803
26.787034603831145
29.491856445774143
29.491858139154893
33.03807190720419
33.03807611016144
41.59427628196878
41.594278653665114
43.33896039652081
43.33896469716354
45.169574185018845
45.16958065740649
46.06658635614847
46.16235570774439
48.757769085461646
48.757769807083584
48.99125435520738
48.99125597641998
55.65261866180526
55.6526218826399
56.83449097412517
56.83449263836701
57.89654473354577
57.896548448745094
58.90155750305577
58.90156258090934
61.81960766232908
61.81961031019045
70.1212834825242
70.12128852529105
71.40798434611372
71.40798660224802
74.10689284959611
