7.729927808952652e-15
2.4232021871014537
2.423202436080889
5.358230210641908
6.924079790876278
6.9240798417003955
7.462000861766726
9.147783059959108
9.147783608428526
13.343007465128137
13.343008804432033
16.773767682649005
16.773768393533395
17.480489672969053
17.480490777373006
21.613582568384285
21.613585955421446
22.8901505128741
23.606350755949247
26.316595096324367
26.31659586175071
29.458656076729355
29.458656267353568
29.92065148592599
29.92065394214135
31.632595746749537
31.632596616846914
37.64222557660877
37.64223154486392
37.68216673497327
37.682169149207795
42.33214500509773
42.33214621318906
43.273708205744796
43.27371509162512
44.62221601903581
44.622217688603776
50.62768787473201
50.6526863280902
50.65268849928768
50.80281135494242
56.38825743787352
56.388265211803926
56.80162039095687
56.80162816263166
59.352585527632826
59.352590230703555
61.004996215339226
61.00499864468386
61.65463772598463
