1.908716240617281e-14
3.402139147547556
3.402139894370812
5.029529770871223
9.281093245634946
9.281093615955598
11.98907529149037
12.70304823643302
12.703052026071772
16.558677485257334
17.195589289697853
17.195590590825883
23.00998113771346
23.00998544918144
24.559056647810475
24.5590642377998
27.07072641236529
27.070732260872717
35.645963098771944
35.64596378248655
36.38146252116375
39.020739079537044
39.02074158869052
43.83580360520499
43.83580683728798
51.44128181512898
51.44128364163035
53.108308589767866
53.10832674972652
54.849479346246305
54.84948722598796
66.72340321590367
66.72340715296534
69.35425593208075
69.35426610760884
74.11348937875556
74.11352015621357
76.19333408611891
76.19333590846092
76.25390265393563
87.75540379626194
87.7554167898327
87.83931724940548
87.83932079735662
100.27341158076399
100.27341293429292
103.66475626465159
103.664774061416
108.29357917186337
108.29362397474871
