4.6351811278100286e-15
6.076385993882872
10.58352484349402
21.083290914530014
23.173737536823843
27.551009523489213
40.20733345932083
42.56237680314425
48.290159751712
52.361701831798
56.06672755961929
64.26132526249604
69.30729342533098
77.77787352174236
78.37169094230259
83.58814231257476
90.6132799577504
95.6429334958851
97.63110650948111
100.35733626807237
108.15810808485207
109.76317412589026
110.18750091469853
121.82827554037148
123.88999017809678
123.96401309790079
133.80619457408778
134.24149131650643
137.96353766488764
140.1779364371366
143.2078119093918
146.02341617119967
150.99550238483263
152.61016754700668
154.03192132261137
155.2895613731959
158.06775237638053
158.32997690177382
162.7911910139103
167.02934453930243
168.5976384173116
174.1633040325523
174.3049155912866
181.36990822621178
182.66497961590488
185.16649593069417
186.5880615113257
187.73789343185635
191.11571925767896
197.226909170427
