-4.6004866582904924e-15
3.15559400165207
3.155594479765917
3.383666438101356
8.345251271733833
8.34525673420143
9.082065234951921
16.09671064515502
16.096718324110604
19.579198671360132
19.723673033435965
19.723675130514216
26.298451193053054
26.298462102407317
30.50015436180054
30.500162185892915
38.935614734448016
38.93561681233371
47.220096633351304
47.220103256532894
53.924286700349
53.92428771866633
67.06817463398221
67.068187247465
69.80847149891477
71.12132997186887
71.12133523559082
72.30185968688077
72.30187335580973
81.04709677790366
81.04713292638921
87.99309587996845
87.99309986601196
90.34342099611423
90.34347623002539
96.9473874260552
96.94740668599813
109.82490900616443
109.82491812861092
111.37783905597551
111.37793181664293
121.54372015673314
121.54373224667312
132.98165138268513
132.98166650683277
133.98849088896495
133.98854759736335
154.56466221861126
154.56466597870735
157.65141150201705
