4.3327841314777515e-13
3.245273883420345
9.33264667779496
9.332646677795037
10.584123184835255
20.720862959685288
22.000202605734227
22.00020260573427
28.71228251713967
28.712295178507244
32.32489158296594
38.49242912865486
38.49242912865508
48.117267374015036
51.928641867106215
51.92865411126332
54.673268939883364
54.67326893988395
57.20166799392316
57.2016679939233
64.7770348766538
70.93045664263713
70.93045664263725
74.62543209961784
79.3595887065439
79.35958953318834
91.63528636081269
91.63528636081277
94.62179661236738
94.62188678027204
96.73217678025536
96.73217678025549
100.6016923373244
103.9051383361354
103.90515486234185
120.52463860523754
120.52468154817922
129.61558703107215
129.61558703107235
130.71304790855376
130.7130479085539
133.61075496921376
140.62207292032537
140.62213398586223
141.09049591658388
141.09049591658405
155.90455970722732
155.90459266238975
168.00914360232477
168.0091436023249
