7.025907633462225e-13
2.374960235519548
9.42766726908277
20.943871000484283
36.573979850147836
55.84406434537086
78.17103839070828
102.8807247156931
129.23022779586682
156.4308405160738
183.67579440549255
210.16732833040848
235.14331605618293
257.9116445792692
277.8739304249738
294.5651282567206
307.6673415694923
317.0220401229555
322.6053185995744
711.2310894572677
711.2310894572681
717.8134332384969
717.8134332384976
728.6300716689432
728.6300716689442
743.4438128477198
743.4438128477201
761.9136080202411
761.9136080202419
783.5919706929359
783.5919706929363
807.9282140552436
807.9282140552442
834.2764814784936
834.276481478494
861.9109866879314
861.9109866879327
890.0424240301328
890.042424030133
917.8388579093618
917.838857909363
944.4480216876818
944.4480216876821
969.0116452682265
969.0116452682267
990.689936615666
990.689936615668
1008.6683512596677
1008.6683512596682
1022.192851528002
