1.7780915628762273e-15
2.432309098619657
4.141089124198038
4.248283102981192
8.420618022992379
8.710368296169548
9.03123095432899
13.035168592015626
14.318286634894934
16.680665883568746
17.096650236181922
17.601632292423822
18.131039404318706
21.382829669834376
26.81445154321001
28.148811350308105
28.33798747824997
28.547567337959162
28.61845022883044
28.79348465023154
32.39338929254625
35.06581044926262
35.551293292137615
39.44334618711973
39.89891077969773
41.47276126729717
42.19176654128071
45.7410594800781
45.89623041040581
46.49737370225676
47.61925431903739
48.57799414983429
52.773949739804706
54.81234847385861
55.04884450528421
55.63438686461002
55.77610097460524
56.712908004944495
60.303160127903126
60.57458501745003
61.078702084281346
66.61210807031338
67.32059382767088
68.19936868732076
69.3329084330997
69.46243578161946
70.58645439353069
72.87867404889788
73.1234339190268
74.92883097272941
