1.6688039838896884e-15
3.379550771766111
3.379551392721652
4.994107747228981
9.217845630927098
9.217848235319059
11.912899811948488
12.623370933476387
12.623374435879787
16.47683004157404
17.071060798314754
17.071067456268818
22.881959337481106
22.881963157103637
24.37643005325135
24.37643652605748
26.854059008915467
26.85407613394637
35.494236098907216
35.494242140115155
36.433307172686035
38.66592299941088
38.66594099234149
43.43518197699846
43.43518388437354
51.22255942930994
51.22256782048586
52.55109558348977
52.551102824777026
54.969925233514005
54.96993154280507
66.40907748773931
66.40908162913512
68.50867179178834
68.50867335198191
73.23123135324175
73.23128243194793
76.5179279604786
76.5179364309144
77.4389965554917
86.51009409528145
86.51014340340183
87.58784558183088
87.58785616546935
100.86001951123953
100.86003177756658
105.2625361231968
105.2625472466908
106.50809017522641
106.50809636963714
