4.5467102305352114e-15
2.048397309218339
8.099614864960992
15.729239435707372
15.72923943570739
17.786973918089814
19.957585543209976
19.95758554320999
27.457583077303948
27.45758307730396
30.05040205951897
38.53450368987408
38.53450368987411
42.11992613768167
51.88012644682603
53.275929432786214
53.27592943278635
58.52530956132607
58.525327551867996
63.42024778927328
63.645423693690184
63.64545628455545
71.55157485531134
71.55157485531149
72.09909350403797
72.09914495665053
81.12718442700505
83.8340443174932
83.83411278398205
93.04550894300355
93.04550894300361
98.82302025332265
98.82309935039743
103.87819661707276
117.00290295961479
117.00298508015955
117.28582783977859
117.28582783977892
127.1650708216457
127.1650708216459
129.65832029332506
133.12226352390516
133.12226352390522
138.19061233053063
138.190691364221
142.76766383170218
142.76766383170244
143.67332240052377
143.67332240052394
155.74676111103028
