4.713070211881387e-14
3.895625929841388
3.8956271103985602
4.085360520114244
9.962189302953936
11.031196516118642
11.031196716515733
13.561914203625262
13.561917702524163
19.34297945936515
20.948126463846556
20.948134483203457
21.030392442159226
21.030400742149432
23.535739558832812
27.94811370121058
27.94811378584165
33.560481229768364
33.56050509949439
35.871634498285225
35.871634667369406
38.42952479711968
38.42952929522239
43.23600727373024
46.15210464844507
46.15211282096264
48.954843733171636
48.95486568406785
58.66457389076242
58.66457682135157
60.55205322280532
60.55212662274168
66.39342706211903
66.39344419276355
67.07864070357236
67.07864894172829
67.17344806766282
67.17345884813638
73.00235336984264
82.5516499509523
82.55166230616027
88.21618055519802
88.21619998589642
89.3133889235279
89.313402288435
94.67090936576182
94.67091444329624
96.57569197116644
96.57569215081301
104.21865758133814
