1.3895135042574225e-14
3.5618740204230823
5.2979826062137105
5.2979834008000095
10.405710325202362
15.533269250414822
15.533277982154782
15.64534927414146
15.64534997498691
18.556070599453918
26.71335823586338
26.713363225993913
30.09005382655027
30.090063168121123
30.565790688845514
33.74435592215335
33.74436199633854
36.125771593086405
38.260610252891205
38.260617900604174
48.80205354580128
48.802078093737606
50.625803828420096
50.62583715309097
56.383725700072326
56.6170244374785
56.61703007183561
60.77478213961768
60.77478237832499
62.84466880253957
62.84469595291779
71.68711958797586
71.68715746792728
83.65529718012505
83.65531171830685
84.90986216323338
87.09634007682011
87.09634560715011
90.92960758013137
90.92961483580797
93.29318826819319
93.29320284272191
95.73054214059994
95.73055771807292
98.70096831448467
98.70099550227022
114.95308554218235
114.95310882733293
119.77773540186304
125.19286276110925
