4.647324192141866e-15
2.6185409280410163
2.6185411447683515
2.8935484201235404
4.23367947260111
6.83370267456068
6.833702704725105
13.830496834260588
13.830497665689453
23.566374112956193
23.566374228615906
35.119546730152535
35.98208085795243
35.982092488855805
36.45621883359801
36.45621980197316
40.851144877150126
40.851144923771365
48.14905437162515
48.14905583998559
51.00201631916216
51.00201757571345
58.309659768390766
58.30966000473759
68.53459241139099
68.53459988313038
71.27686158999822
71.27687739313656
86.97910800635233
86.97910941785813
88.47280684222272
88.47283483119783
105.3297127680083
105.32972316426664
110.6948675932857
110.69486867217496
126.22742217529226
126.22745587126481
135.06479886356945
135.0648260772225
149.55698244838746
149.55698295775946
161.43343350271556
161.4334617156288
175.18965717724416
175.1896936472815
189.63919741619108
189.63923880977651
202.98417009791444
202.98419177584623
