3.5774491008444542e-12
2.966198019824739
9.89170617343482
20.63708920484534
35.02388372651387
52.817334619059714
66.03157863029229
66.03157925101085
73.73102111124994
97.43429854426294
99.89934213632769
99.89935586399397
123.5627164834303
135.68534274164227
135.68535099177538
151.7320650572825
173.8078572104719
173.80785812832946
181.55359317674962
212.64887158062413
214.06814474340564
214.06815423763132
227.3470047804402
227.34709760661923
244.65511236008606
256.0758027723554
256.0758055437902
277.21820379511354
297.4405531139613
297.4406450443667
299.35052020404015
299.3505310902529
309.9833726891
342.5755533968011
343.3647042044534
343.36470546773734
364.0971213046363
364.09719084683394
374.5963742980997
387.57148205341025
387.571492341431
405.6396752167562
429.41729395786535
429.4173897685111
431.40511494732687
431.40513147549393
435.3064962298153
463.2243508422686
474.28322129684517
474.28323523683014
