1.2888995426507677e-15
2.0450338365135137
2.0450338365135203
7.094259507210638
7.0942605235572405
11.6290580575136
12.72126762098879
13.8200456374448
13.820045637444824
14.059655510157766
14.059655510157796
16.099471891418617
16.099471891418666
20.09321932300728
20.0932202914815
22.864861534728163
22.864861870543148
26.6305168712867
26.630519064724222
29.722092506177567
29.722092506177603
33.56162849576372
33.56162849576379
41.95894945744603
41.958952147201906
43.04183195648981
43.04183195648995
46.14072498523135
46.14073986733281
47.26400333568307
47.35303691709692
49.88314967248457
49.88314967248473
50.092883228128734
50.092883228128834
56.32846406585762
56.32846406585777
57.76085119180986
57.76085585561456
58.68090682345798
58.68091156251583
60.56381848711493
60.56381848711493
61.86974936124133
61.86975214026322
70.80239348734241
70.80239348734243
72.61299404538393
72.61301022235544
74.45161533543931
