5.806119474094373e-15
3.3966105426853317
3.3966112909704305
5.103920811168
9.238182760115608
9.238183132241703
12.308844036074545
12.677706323885095
12.67770840179542
16.557997550166082
17.072047186399463
17.072052411923654
23.63595640232439
23.63595807598042
24.316378509245606
24.316394873980204
26.808357741644055
26.8083794815107
36.437042351796926
36.437048923432165
38.545499422649485
38.54553378141933
38.6507847912861
43.31128070399713
43.311294012044534
52.20994781182844
52.20995366500235
52.324710758176984
52.32472248730689
57.69460662459669
57.69460944547506
67.28157506039858
67.28157647228899
68.13995132336424
68.13995897060857
73.07255131101326
73.0725605795047
79.7051576926573
79.70516110597055
82.44765469855206
85.95622809195868
85.95625874877483
89.04860533688976
89.0486304066101
104.48310646871572
104.48311883264631
105.59742109598564
105.5974654981553
105.718530939694
105.71871441441722
