1.1102230246251565e-15
3.0526099609023216
3.052610572199383
3.3334394873018907
7.7559694359832525
8.267933478662979
8.267935766197976
15.1583756709849
15.158377174983364
16.166107447945553
16.166108931881098
16.73908063122541
25.343749336134547
25.34375094750311
26.747137905352897
26.747149044810822
40.03177470902626
40.03177872835423
40.115327470811415
40.11532919194876
43.96782778574101
46.34273691600387
46.34274682840437
55.79475646998214
55.79476705305726
55.9802044689988
55.9802387132766
56.95211588106084
56.95212572611927
73.18051540604588
73.18052451084641
74.51637058424141
74.51637985686584
75.44765992742099
75.447666304304
95.54119113708043
95.54123159740494
95.99136169255446
95.99137622787556
98.219718480068
98.21972784366712
103.36404045556985
105.74214402448364
105.74216778658581
113.32352406607998
113.32358152590608
118.7341896325745
118.73420872970698
118.93766896094583
118.93767719988605
