1.1165374180777121e-13
7.067124965171129
17.165547527000953
24.309913481288604
32.26721887787825
44.54987495415793
51.57881016410605
63.68957439122579
65.94208692632265
81.06035373712827
83.48118543204518
91.34339053709458
108.23229964094918
108.432970604943
125.28950526010313
133.75298648052487
139.60170167969713
145.31613455844376
156.33906110000572
163.2274517320178
169.93821506803326
179.63159411381844
194.47232874948648
198.45860605186013
204.31364550383776
219.6505188532572
231.07331551417494
239.0468395304349
242.58395305058795
243.76370805444793
260.97094160116586
268.89895313035305
277.6754921345109
284.4038438755707
288.9923512818245
299.68354062906235
304.34097519246234
317.33776402013433
326.70104954791566
341.1880366428429
354.74359094420424
359.6703133649334
364.8325718639109
365.4678322886638
373.48587498462354
386.2003605278372
389.6720339315123
400.04621672056567
416.00545472636685
418.7507320855613
