-3.128226844228976e-14
3.416981462105832
3.416982334079553
5.112062658983825
9.280941809405919
9.280944861490292
12.26780130148931
12.756988845170266
12.75699306620147
16.715473053488534
17.107217521858733
17.10723087606752
23.531089812449817
23.531093600145983
24.331295330721993
24.331302281159545
26.755865774861388
26.755873747905586
36.32316751259608
36.323177598965025
38.07457461172804
38.262801995454375
38.26281127592723
42.86474791820495
42.86478672721848
51.59195763506357
51.59197295195555
52.00691625517334
52.00693688024918
57.10294381906686
57.10295054849656
66.39325728392073
66.39326616829305
66.64312415008895
66.64319371202723
71.70324032732174
71.7032427987842
79.12388825231139
79.12390142891658
81.2254030504964
83.26843652677618
83.2685423378874
88.36402504342949
88.36402724114717
100.59201714867636
100.59203417437693
101.27722323996825
101.27732377049864
103.85564762121028
103.85567474174442
