1.1685791223570163e-13
3.088610236062892
10.230388858520783
12.996296041604838
12.996297576500067
20.918325767849527
27.478971382581662
27.478973615715503
33.927287976596524
40.976446195426995
40.97644680733113
45.91613177070333
45.91613499444244
48.71921014763081
66.95791943855977
66.95792660865209
67.61378737385456
68.24665606089934
68.24665662282696
82.68047045489669
82.6804999085536
86.37718874106602
86.37720086073949
90.18621081862156
99.37901265161942
99.37901555738466
103.4319194031973
108.0141222862211
108.01413186401237
123.63810030734241
123.63812262316749
125.35454531366645
133.4920214404666
133.4920223442042
137.84011772946047
137.84012091348472
138.57671496783473
138.57671686055255
159.15340606276547
160.15992667763467
160.15997673005293
168.16115465712707
168.16117315168268
175.50261264604217
175.50262128895866
183.8974492934805
183.8974827894178
193.00410124148286
193.00410667447574
198.10742205953142
