-1.7052331768852014e-15
7.280312488974173
23.838649311090567
27.012242077704954
41.04826416465333
49.714248112568896
61.90167255578478
78.09825271011388
83.04109042509013
93.15459454427496
106.68055087208053
113.0710374472088
123.99992217321162
125.53661600063694
148.5237847193564
157.91330133792502
170.2528828701001
171.58089029949414
182.27272121693204
200.12683683421574
208.1644054024852
215.93784939488455
221.5038885997873
231.1507233188008
237.26645492630558
251.38887609367174
264.55464148285876
270.19146761490634
276.7821078057819
292.4281333647585
296.1310814450874
313.54348037726635
323.1162074703142
327.8692836852379
331.1857785000225
341.33452162489624
355.86389942393123
357.20223005486946
361.65758021421726
380.9027694171348
384.79220837155304
394.39470339626365
399.84848589389975
405.71841933415067
419.17532476962873
426.5045475728311
428.7246185448296
441.7931067833617
444.90519918350293
460.93210200883357
