7.296959911307077e-12
1.997247552724329
6.657060612808711
13.878638312472829
23.532123468400872
35.447571390587115
49.41838847134995
65.20592629383249
82.54483623978885
101.14886950907157
120.71684496055364
140.93838605648136
145.05031835786065
145.05032154195607
161.4989790737145
182.0840310634199
190.4567387913519
190.45674189772575
202.3817910051002
222.0853228427824
233.47292859901225
233.47293218500758
240.89407037440438
258.5153184555653
274.6663874134364
275.3080426313312
275.3080469956343
289.076480322639
301.4880383282896
311.6533034399139
315.81931580800955
315.81931784847336
319.3160995733232
324.1571738204389
336.44908145423824
354.3357260322768
354.33573392182694
389.6380250160863
389.6380264203187
419.59279571632504
419.59279891284217
444.4257587287091
444.42576689325523
472.75315743724843
472.7531593880738
509.1424343205694
509.14243774293107
521.8987315361053
521.8987446469002
555.536660134016
