2.943501345442634e-12
3.9605698571283905
13.227021137794317
27.656990627353373
47.07852765930995
71.26520546430301
99.93915828708414
132.7760071707671
164.24804533891694
164.24804814985492
169.4107727217706
209.44510528396975
229.35878430678258
229.35878508436204
252.4547858764999
294.90677109932716
294.9067733863588
297.9973653259101
345.6208923793185
362.4705727534811
362.4705789059017
394.86470591906937
432.1507956594185
432.15079706757
445.26510539509513
496.35953135710224
503.614377483635
503.614396042467
547.6728689311707
576.3366860568664
576.3366919721
579.385810775456
579.3858606838678
598.728010618606
649.0353056364415
649.6809352812954
649.6809450410976
698.1054676109973
718.252790980589
718.2528344226725
722.9605246460025
722.960550306974
745.4526723631619
790.5854320269256
795.4448252133424
795.4448374512945
833.0351528219629
845.4302926716163
845.4303337102472
866.2846884524655
