-1.6096499133588793e-14
3.456192152868847
3.456192384541263
4.91007273526885
9.4843590364885
9.484361347740528
11.481940715720672
12.900353620891375
12.900357216914921
16.94627168180616
17.64542843996837
17.64543479788346
22.19193860141713
22.19194333487524
25.276545030654415
25.276545569280344
27.863647357730372
27.86365772898968
33.317231822281116
34.85778917502655
34.857791878645216
40.24662273905464
40.24667452460727
44.893397200059766
44.89339936656324
51.27763187253159
51.27764759203878
51.394434587553505
51.39443835493969
54.85172152278302
54.85179299625075
66.37792335609961
66.3779316480272
70.01029363255337
71.69435849836611
71.69440555662061
72.64872922300073
72.64873495004358
76.70356398311844
76.70357420784457
87.5144094685355
87.51443983048604
90.76514396276588
90.76515170212443
96.83229834676342
96.83231160809005
97.08199677148612
97.08200060735058
110.66285645293769
110.66290150362148
