-9.083012120214562e-15
3.0917221349260866
3.0917232880187933
3.3629018604184218
8.256947960721417
8.256951061599654
8.399740642536413
15.982771042137136
15.98277277690568
17.05390453227819
17.053908400447316
17.817454295981122
26.170555402453058
26.170604408493933
27.48365276312395
27.48365354591782
38.75368244852718
38.753704541407444
43.04183975845939
43.041841273842074
53.58077223391961
53.58077679637262
54.20001959928946
56.65199607998386
56.6520238860956
60.86351524883911
60.863560204859674
65.74684882568664
65.74686818100547
70.43838322521219
70.43841566844841
79.76783905110952
79.76785892947757
82.38783430295071
82.38784934780469
89.07021413762025
89.07030202048307
99.96508153671164
99.96509915114774
107.35709398236568
107.35716158395861
109.18764270154966
109.18766667384773
121.64105837616488
121.64109550886315
130.4765190828361
130.47652750287568
136.21461737124324
138.20168408130905
138.20173029941589
