6.464447033227572e-14
3.0127693868620216
9.984043271490135
14.447644423997286
14.44764449751805
20.510762875645387
29.48565658679937
29.48565676036141
33.68228663440144
45.91030097057204
45.91030171786335
48.27749843427177
48.277499404917975
48.49026213757603
66.07086531820579
69.95691466370005
69.95691543801128
74.40580043949754
74.40580137841096
87.79206643461536
91.46807786078176
91.46808819682522
92.98463367549758
92.98465812858689
106.20636512594325
106.20636651612203
109.66319449392478
112.07499401364801
112.07500090951713
122.35580564383642
135.8179853364721
135.8179980625099
139.4385746390674
139.4385757341632
140.96266050846992
140.96266872101785
148.65957048992743
155.333282626981
155.33332693642288
173.1911052872207
173.19110777399823
173.83958438863135
173.83959164207903
181.1773284971706
181.17734315515958
182.06971330479948
195.13118386611697
195.1311997050827
211.13567174319047
211.13568314313665
