-4.350686477749832e-15
3.071340732845099
3.071341339222042
3.3397610271164764
7.982129450466333
8.267365784298505
8.267365918345279
15.761524387410427
15.761526232543625
16.123529391548164
16.123529642448972
17.03320009241661
25.99261290957638
25.99261554083879
26.63924867777918
26.63925806513268
39.850851251320194
39.85085312194114
40.849604797779946
40.84961020667014
44.79441517453824
47.16707705401658
47.16708174514251
55.737666366023824
55.7376778256558
56.404118663964496
56.40413275665603
57.65410909371692
57.654118639307214
73.49263836539485
73.49264193023741
74.24488366438939
74.24496169480285
75.94504108925565
75.94505358582414
95.2976316400136
95.29766771820317
96.15848863269262
96.1584998023641
97.27386410915403
98.11275500814934
98.1127734846214
99.55824535566325
99.55827407942002
106.77946815588174
106.77947017949356
118.47474239661716
118.47484572358647
118.80589943701229
118.80595387628753
