-1.7261209822594381e-12
8.15932593967787
27.00350858447593
55.70019099662115
93.10877870508818
137.7739197748033
187.98818302653345
241.8633951749162
297.40608024279663
352.59195625976577
405.4264097175284
454.00415535614235
496.54437463989495
531.4129586375587
557.0820693806194
572.0098947040849
594.9792121340632
5763.060462354907
5902.410927847309
6174.4453276760705
6773.468556595946
6778.899718304742
7803.690846034689
7813.578750650659
8854.071234974754
9102.40427537303
9116.024984776663
10769.405077644638
10788.698395114981
12957.850452851648
12986.078125393336
15909.541601955985
15952.548529118729
20024.098926844923
20092.905119635132
22424.86394465687
22756.237620254262
22861.039907016944
25699.744979679435
26000.2931231979
26036.738968431786
26080.971745127128
26117.506144004434
30105.714951149926
30164.97202618469
35149.31578171742
35216.41895645412
35297.93259339183
35365.920931463006
41755.290073919175
