2.7504040711612276e-14
1.7992206642186752
1.7992207012171426
6.743215351430738
6.743215798203803
13.975595680933885
13.97559622423124
16.84980557190633
17.7742802028144
18.702624049044317
18.702624303792458
20.187057802096934
20.18705784124846
23.02365121578408
23.023651455288423
24.15732755046601
24.157328333759526
27.70435797102068
27.704358230273
32.92434738113138
32.92434740447739
33.795722648737474
33.79572314760712
40.62557284850117
40.62557408215275
44.59282553041502
44.59282746445364
46.27031994881183
46.270321735424275
58.39262412542158
58.392624506767106
58.72418847174447
58.72418905851944
60.391871422907364
60.39187331022622
68.16685793605033
68.21061004607357
70.22670358035015
70.22670481260039
70.30101402989067
70.30101407484406
74.93552227750128
74.93552389440343
76.0706801790826
76.0706808390793
76.41185824474604
76.41185945610577
76.62691830963828
76.62692014220282
79.55989287676924
