-2.888314587501384e-15
3.360078459577104
3.3600784595771054
4.64379228470378
9.211181191913628
9.211184758704173
10.751841929721893
12.503220310416753
12.503220310416776
16.73140164971021
17.064307243808084
17.064307243808106
20.877384772847687
20.877384772847705
24.33989667783921
24.33992893639959
26.740138713079624
26.740168981612257
29.94044853672793
32.91008501471611
32.91009385438392
38.206953452743875
38.20695345274394
42.323263829326514
42.32326382932653
46.9026098676251
46.90260986762525
48.36616187463617
48.36616187463625
51.35299685239264
51.353087833016325
62.102818184216936
62.275179094372255
62.27519872961965
65.98858818962522
65.98858818962528
66.91742686286385
66.91743267719842
70.07689514512064
70.07696635598529
81.85082114356508
81.85111903038253
81.91932515782445
81.91932515782449
87.41917886276497
87.41917886276511
89.59055035064215
89.59055035064216
98.31776650639637
98.31776650639657
