-6.178217659691398e-14
7.712387169306637
25.532201779649313
52.62359412791566
59.824457605065774
86.71573531607834
88.25158553002616
116.82454728882317
130.80020537218033
144.56492323903427
176.6883055160626
178.64766965343895
208.00090165570876
216.61046412466294
231.48131014306733
245.74252890041527
256.18333175192095
278.22348283525514
284.70146369284276
310.99619956787274
322.13698897275293
339.8946559798658
347.8245169319359
364.0603594451367
383.5917583901563
391.8095217138458
414.98019110747805
421.93054598684256
440.72886830108644
450.7101671334035
460.89723571130173
477.3306671779608
486.10362309483446
494.6208190245196
509.46300818412664
516.6581301993464
522.6538453851591
528.0609170652783
553.1742652260074
554.6561980116594
569.154121140176
572.5294664274144
574.8784411366655
597.6260341439689
602.3642747058493
613.160455556091
615.899444530778
621.92707255878
638.0501276816813
669.3845478777372
