6.1825544683813405e-15
3.337977835250895
3.4000580579024984
3.4000586558065393
8.37424563162844
9.67905380549098
9.679054113658038
11.58092327255558
11.580923897497037
16.29735104358763
18.10630483419776
18.106306054195713
18.431859103465612
18.431863019285665
20.06794156160283
24.00771668082484
24.007719749523684
29.567697057554234
29.567712368666655
31.404050922102627
31.404057401107828
31.812843578976143
31.812846393242268
34.86386041234878
39.61352413165833
39.613526160587384
43.13680585590072
43.13681105899544
49.26834926717773
49.268349729684466
53.47029555220258
53.47031586948066
55.242171840608535
55.242177018070485
57.22796938123465
57.22797808944016
59.14684753408249
59.146875743364724
59.22247382401201
70.04013704455761
70.04014048799101
77.24857243178518
77.248573683395
77.56365120135473
77.56369389010811
79.19552397913453
79.19552451472777
84.95785855415114
84.95796655237149
86.1975064416058
