5.053769902563232e-14
2.367626039306513
9.375850480896078
20.746184712429933
21.417634243533204
23.193988429819242
24.480359142357557
29.984509152336543
31.761676990760826
36.03138981612257
41.12097236102566
43.420115112118765
54.63204999331805
56.31584671488922
59.057539134912425
75.14490392718092
75.7308479157737
78.07566254780859
84.39314339700171
85.69215929955777
88.62611289548734
92.37337973456638
97.04290404575062
97.09654486677786
98.90455416672744
99.7508568483287
103.34897007850907
109.78215438727008
118.3554711364156
121.1756921038096
121.31006625978544
123.28055080558954
127.92350465814664
136.99156472732176
142.0058357922272
147.12080658539693
147.82784204853434
151.35890955913501
158.70932261039746
164.02737001942165
172.3839427909234
173.65593024253144
175.9602901960557
182.8200949340211
186.69871109695356
187.52353166470562
188.71874754247855
192.8546962448113
195.2244103819651
195.7127225081976
