1.173020014455517e-14
2.222408073953348
6.1646743349237605
6.164675282156268
7.243322842996877
11.80474864453129
11.804749122736247
12.024781773046588
16.349754346456205
18.28335982192196
18.283360572369652
19.680996914496905
19.6809999654171
20.559208711961567
24.35288427885426
24.352885896441187
28.916356616069265
28.916361390039086
32.47520292901927
32.47520708312293
36.62187813818444
36.621879549878834
40.998669330228914
40.998690450948196
46.709064303356314
46.70907376683129
47.49180867034031
52.22831501415646
52.228329514989355
64.97529901273954
64.97531567922745
69.9229083561201
69.92295393864607
73.38301379058491
73.38305304464555
82.19214427124747
82.19216900686153
87.94591851673108
87.94595146471583
104.75784805189524
104.75802792247252
106.01142480774777
106.01146384576816
119.20979021233163
119.20981123970863
143.9872308780591
143.9872762760706
145.5543633108077
145.5545134303149
148.642974651561
