7.265021917390868e-15
2.2385118116385474
2.2385119550544825
7.141981644186662
7.141981696900193
8.87699452697323
10.176812314524552
11.44650122579581
11.446501578972159
13.864797732739945
13.86479833216238
14.980721132040392
14.98072125336615
18.408640120571967
18.40864030830644
22.498476081310354
22.49847615304801
28.374592177787644
28.374592420477054
28.493744132480067
28.493745296873133
33.04450650234567
33.04450762562159
36.58872761808642
36.75459150670711
39.958278014274
39.95827899586223
40.5108593485321
40.510860390853786
40.52833484147496
40.528335909784545
44.80515261545888
44.805153183731846
45.46391993529953
45.463923605062845
49.953873446998
49.9538744525927
53.41084122808666
53.4108436835564
54.55986979608055
54.55986986621589
59.70536245775789
59.70537248995868
61.434934224975834
61.4349351495911
65.63818120325814
65.63818123464557
70.44643645815886
70.44644172480001
75.70906623947178
