1.7590096046404824e-13
1.80988019707464
5.961427758798771
6.401340671466681
6.401340881007905
12.00458936934061
14.193926426231421
14.19392698809721
19.051612761308256
19.95672624472736
19.956727533178682
24.246563055671704
24.246563084621062
27.574230133711698
34.44193703700627
34.44193792053359
35.20125138260167
35.20125584087708
38.81353011013211
40.02242952081797
40.022435585659665
44.88701686007889
44.8870222814056
47.78988414735404
51.24486998097713
51.24487150106979
56.1191551540141
58.271081419896355
58.27108758230203
61.64110035485525
61.64110539197322
66.45027623761746
66.4502775014415
68.92758618806612
68.92758755313567
73.15801627506383
76.38965819928147
76.38966847049618
79.62431148545852
79.62435357400105
85.5565053963727
85.55650930257738
93.51864131603577
95.44134496684559
95.44134559806103
96.70241585508602
96.70243386138971
97.72875875392221
97.72876185324205
99.27547067422248
