1.527250548249981e-14
2.4207878207682647
2.420787867714943
5.471572885938387
6.941630342317133
6.941630377924733
7.535357050362895
9.19353111339502
9.193531133279226
13.408917356530322
13.408917909847245
16.843034706097196
16.843035040286633
17.40062651353349
17.4006270570843
21.78978657651349
21.789791279306915
23.45013533429704
24.131495768043973
26.47321162329057
26.473211782525794
29.627393622853937
29.62739413109558
30.235993403912108
30.235993905324133
32.021320614939945
32.02132115854039
37.29090982122632
37.29091039505301
37.96473697147607
37.964741532414955
42.67921409373245
42.679215009467484
44.026738738489
44.02674425716764
44.99462501450179
44.99462530946721
51.26431739159826
51.26432110421226
52.34804116681873
52.51122554967427
57.41579949796149
57.41580360959894
57.71518905498805
57.71519028432723
60.63721818269096
60.637218201971166
61.69577065503672
61.69577114668703
62.232820932777905
