-4.215378046623641e-16
2.371385224190956
2.371385416694423
7.001661044739369
7.073738407372783
7.073738542833379
8.575765846290471
10.046074713388457
10.046075390837396
13.669344416312759
13.669344900276476
15.591645257461238
15.591646589260922
17.51599091409782
17.515991237967707
22.219580425555655
22.21958259150551
27.440286173143637
27.440286779270245
29.243391663157915
29.551131947843785
29.94721896666312
29.947219596123297
32.6985214847023
32.69852413868069
33.782142657459154
33.78214543567953
35.533522443678606
35.5335253907012
39.318181140437474
39.318182882571534
44.16941913948749
44.169419278356415
45.06747178189642
45.0674751527211
46.359665229887504
46.35966601679295
53.087627872996414
53.08763256188141
57.025678106416976
57.02567908957977
59.28059414871811
59.28059967853462
59.64219515726386
59.6421974730202
63.519962004674845
63.519962198195884
65.21671265593213
65.2617697828036
68.71509284315233
