-6.130165819406841e-14
7.6367128607510635
25.27886554189495
51.95973506357599
54.212432697736844
76.29967165388233
87.30723316871739
106.43277493903369
129.28145642789016
129.77039200248643
162.61634698695707
176.13452965869885
187.81887601691366
197.21858553926424
223.42313945462408
227.90769285191416
229.91648534522176
256.2678864080869
278.7721450154654
288.28044809996743
297.00448659669263
315.27579790419736
331.1589716209515
336.4736573551349
361.94372240080116
373.7357835885798
388.69766192367393
391.86700960085454
412.5378655723832
425.8629286939322
437.7101931454091
439.02235465362645
450.9331678427378
464.66975765383796
476.1060844144801
487.02883713578
495.65583850342006
508.1434181839043
521.7761222050376
535.0240400403678
540.9083873790903
550.8955472497106
558.02916969078
565.7874715452688
572.1158576208237
578.1151675539174
591.5563214269167
596.8998752798905
602.2220645023388
604.6654696161509
