-1.5768636396629176e-15
2.84657088023916
3.3101858796726833
4.855156206063635
7.199720803679684
10.375732470035732
11.413187128973677
12.60866499475409
12.866220610252146
16.11982268214285
17.25649160039441
18.695013953179465
22.278608030594473
23.332045253966935
25.666265439184535
26.423938084526082
26.477034728066975
27.951823459155946
29.79986450629495
31.837905519752585
35.35945937904218
36.97904050700196
38.645180946916845
38.899134620428406
39.90722839089939
42.67679918935542
43.39100568746627
44.267160794243416
45.13439599151129
50.09209583859759
50.15833618660957
52.20731316812371
53.59061377906194
53.61585779615367
53.80964110961048
56.48525305179805
58.963218336777516
61.98263161885946
62.894337489767004
63.22531238160493
63.673169190233615
68.05090258530707
68.1899454993582
68.31150015062869
68.33340007762546
71.38090079747579
72.55884955550003
73.50333741849555
73.85575500553972
77.24938455470442
