-6.692563170318522e-15
2.308347420966074
2.36970572776522
2.369705782259025
4.80123550512381
6.703097641604111
6.7030977718523825
6.8946479643351966
7.369015824957941
7.369016634408265
12.255360967119397
12.255362732605425
15.53241714943601
15.532418264235465
17.102811976049143
18.56130046111261
18.561300611080043
21.396510767438738
21.39651348688636
23.837410761531952
23.83741243606717
26.65386620051695
26.653870071827207
32.70862187950477
32.708624577259954
33.948701864425345
33.94871176152027
39.42980151510014
40.53540912880637
40.53541194806404
40.997439897908464
40.99744003823478
45.23952899611645
45.23954006542351
45.884198219702974
45.88419943238503
49.65284646575812
49.65285611932141
54.06869145486504
54.068693208106865
57.03245234166407
57.03245484674897
61.41959922567926
61.419612018045406
65.61836918444948
65.61837661968465
68.1822355317511
68.18224360789392
71.94666639219462
73.48523890343313
