-3.990176244972332e-13
2.304369907080234
9.192352860700765
20.58898967799623
36.370736754112414
53.62023740721032
54.53888127561893
56.367455496414635
57.8309181340901
61.014482861981634
65.73771796592658
71.77412024077611
77.81573741314412
80.36486654965292
86.76294523933286
94.19887872150062
105.89523488111355
108.10660528193237
114.82356496218183
129.048583801024
139.2921251142237
139.52075769809372
156.05943395302535
168.05602257314493
173.55564461101588
186.7210057416627
200.1472702298557
209.8574872960979
211.45625962125953
211.71751359499905
217.48576392399764
217.66438879254196
220.7825908290365
228.02222582875072
228.18925319761925
235.47584144637352
241.0845044824631
242.52825264111505
251.30521764291862
257.95162755684504
260.5060237435132
261.1517075526434
273.69441698213507
283.57806829308095
283.81777638770126
291.0798919470755
297.89700340469955
310.40036014583984
311.4061780675954
314.43364512587584
