2.255313991117447e-14
2.407553198720353
2.4075532977667593
4.7193161771383645
6.847900270443259
6.847900851769322
7.270315587300189
8.914619829075088
8.914620115487377
13.207512684280692
13.20751302655725
16.47127349003641
16.471275137700935
17.87695433286028
17.876954896509883
20.733206914628617
21.398353648379143
21.398355556128973
21.966202063552014
25.8738762728832
25.873877018688688
29.07822018089406
29.078221452265
29.52712652909468
29.527128259534816
31.30576331328785
31.30576421092595
37.04693787670656
37.04694010381222
41.706266524809955
41.70626679957977
41.78351764443585
41.7835199502055
42.78936999587016
42.789374009086316
44.39742410862151
44.39742687194406
46.45717065771923
46.87572436547253
49.877113845031296
49.87711737520927
55.68423573718829
55.68424577919732
55.967382292474035
55.96738357649831
58.89209694925941
58.89210085026427
60.45956046977671
60.45956115714148
62.20981357367146
