1.7871121249513067e-13
2.9004100849218375
8.850880359246908
11.48887894555569
11.650530544638292
11.865459393085324
20.191181659924
20.533348299386226
25.428710294291882
34.16153878279739
34.5993948619368
35.04304616884655
37.798444174174094
38.317339190170024
44.11883184908595
46.33032119981501
47.10262547295123
53.15867226954728
53.50900423280668
60.28723775455131
60.937399923905154
67.25374963417224
76.30437195558656
76.61306437072808
77.61577216201206
79.26739398778858
79.86064574188785
80.73975586905404
81.54061986747185
89.25754922315589
89.86392562893066
93.45074087063736
102.68878101835493
102.8836824770009
103.12847254277855
103.19324714918838
103.78516746570068
104.01748598136922
122.01140086578752
122.14592453613162
122.98012556947266
128.89743632011866
129.86424870526497
131.7151701098176
133.77983176011168
135.24574486405962
139.13974812682144
139.42368241347958
145.5365112025226
146.11305063616297
