-3.974251483462865e-14
1.8918200406104728
6.562425983527507
8.232946270425373
8.232946270425385
11.87395360601481
11.873953606014826
11.959917578041123
16.53524339811411
17.421702067494042
17.421702067494078
22.6282722902124
22.628272290212426
25.248211454115946
25.248211454115985
26.65081281933379
26.719333031090912
29.732756982589887
29.732758505254854
34.20715155833835
34.20715173304522
40.42359475962076
40.423596596044824
46.08580903877555
46.08581350266056
47.621302819890275
47.62130485421118
64.66204951961741
64.6620495196175
69.93905948298611
69.93905948298617
76.81242388716655
76.81242388716662
85.41796178073484
85.41796178073507
85.93002162922018
85.93002162922019
112.09843060319872
112.09852961111103
117.87799265660574
117.8780851895964
124.87717120073101
124.87726400798783
139.96801041654223
139.96806111052476
140.10827505170303
140.1083226422385
170.90950556932532
170.90950556932566
176.96601376244922
