3.885260169145255e-14
3.365052456977428
3.365052456977433
3.6972757348050096
8.856403204968629
9.493212999368764
9.49321404772493
11.900274102033919
11.90027410203394
16.966145563912388
17.99087456557782
17.99087456557789
18.40624162320968
18.40624162320972
21.102515742729754
24.447742711418307
24.447744191163483
28.79285227530115
28.792879327304643
31.014770612053173
31.014780404095756
34.85466296467319
34.854662964673224
40.317281963270915
40.54825920756949
40.54825920756952
41.988347089512025
41.98834708951211
51.84701080598245
51.847010805982684
52.74847711361469
52.74847739649167
57.62965853798521
57.62972370742826
58.22050126962558
58.2205199398386
61.65348867029117
61.653488670291196
68.65816533650653
73.78436304687098
73.78436304687116
75.73512964556178
75.73512964556181
78.16248944830586
78.16248944830595
82.79660696482074
82.79661254268197
86.25213687743428
86.25213984473224
96.30152225008646
