-1.5664552988070568e-15
3.156139392665874
3.1561407417112024
3.3811299787006566
8.351437785900883
8.351440885520189
9.061852132962272
16.12557554337875
16.125578769311492
19.497156135480086
19.6213549553728
19.621360434418353
26.385936046405458
26.385947470026572
30.387247092747117
30.387251620094112
39.141794373020005
39.14181040480641
47.07160376045675
47.071612305334895
54.33923615066749
54.33924951367706
66.82993279316395
66.82994776951068
68.17077075540173
70.65204537585217
70.6520803978085
71.87063767953386
71.87065063506557
79.37668758218635
79.37670071204633
87.66856219127367
87.66857873456996
91.592891253301
91.59294288026474
95.30002620066095
95.30003748218027
109.5175489349356
109.51755811791962
113.33721952616092
113.33724270773831
120.01332782425561
120.01335200520484
132.8432553634223
132.84333543941372
136.91400921927726
136.91403994919358
153.10877435967492
153.10879684558628
157.8595467476214
