3.403353987518898e-14
2.0844270041416118
2.0844270948480563
7.115712859264782
7.115713030313987
11.012445125709746
12.14380435309275
13.269112774191825
13.26911324521997
14.021231418390794
14.021231589580735
15.745448991147654
15.745449376963514
19.67963083288109
19.679631492695332
22.776351217989337
22.776353294091834
26.878161040703137
26.878161997866783
29.40483214671358
29.404833031472588
33.42432867450491
33.42433008307038
41.64746392190575
41.6474657001019
43.60020870266507
43.60021094824883
44.982037306305685
45.08337616862578
45.94521995401318
45.945226024240114
47.72212568903029
47.722127567468526
47.97561074488508
47.97561192167712
55.955615287735775
55.95561763931
55.95733206619621
55.95733411980783
57.14346612476709
57.14346800693357
60.29369450630077
60.29369952275628
62.063560883663655
62.06356511161901
69.52210940226867
69.52211274841527
72.1428581458489
72.14285902115321
74.28902035105854
