5.571931804837504e-15
3.498695607231287
3.498696384023826
4.8523883133952666
9.616786791159019
9.616791899857661
11.256580087213102
13.031961388047584
13.03196216109302
17.30163863718741
17.890988163941152
17.890990827648814
21.8658081734519
21.865810200976334
25.594104255622764
25.594113061085995
28.207743583698143
28.207765207619538
31.71256113243068
34.53702349919385
34.53703398642379
40.625573577819466
40.62558176439068
44.99671070898576
44.99671962135956
49.5415167207238
49.54152302360315
51.18708479969882
51.18709577508047
55.14185322860482
55.14186447332698
65.90357921921044
65.90358876642291
66.2059000943128
70.63084856209122
70.63086299671767
71.69959532794428
71.69960596559424
76.58282115510048
76.58283070289039
86.88676775591489
86.88677211005096
90.20373021632665
90.20378973907758
92.90686814364621
92.90687853842682
94.65402840677518
94.65403258210928
109.76027642225458
109.76028095670978
