9.88497478315864e-14
3.391518716805845
3.3915195379739544
5.101467871100799
9.230730140914293
9.230731146039215
12.322711634937393
12.658668390044834
12.658669709038652
16.51450391168376
17.07768709807206
17.077694413374363
23.67794077239365
23.67794564105287
24.34129645968714
24.34129804791723
26.862698476095254
26.862704009160637
36.498695584087216
36.498699440966234
38.70923586749591
38.70926908747587
38.88175168111118
43.54477619829766
43.544794488224426
52.33521904480629
52.33522742288511
52.68972036693928
52.68974196803756
57.95845360332599
57.958462788156055
67.6502692503226
67.65027822749023
68.83594006679553
68.83596136659334
73.78018886184482
73.78022201486998
80.02028534349715
80.02028938268481
83.08201300979741
87.15751428776188
87.15760220585467
89.41779112186681
89.41781606657209
104.88830169424848
104.88831410579151
107.65108293099435
107.65118026945147
107.79218173512704
107.79218568995572
