9.431518066538302e-14
3.616572445990706
3.6165727665840897
4.544314917724874
10.070944322547474
10.070945568210636
10.503852784033295
13.261593528088436
13.261595573599395
18.185322983468883
18.92672725542883
18.926728892865352
20.9500302809772
20.950034406997837
26.786165715230236
26.786174817230044
27.024792778970397
30.113423037158828
30.113434114404985
34.00020743375597
34.00022117753326
43.73809434349855
43.738144047954044
43.81729498881253
43.81729782339167
45.68786635071617
45.68787049311837
53.83114345240064
53.83116794323035
54.696521451209186
59.86356730790518
59.86357669906186
64.26701070223507
64.26701520593714
65.37629255010552
65.3763000294668
78.51371134372103
78.51378164883812
79.84486219929208
79.84486604567974
84.97838963745932
84.97845733917629
86.9620591330229
86.9620893461842
87.9297587827296
87.92976162491009
94.12498780426478
99.68937446343111
99.68943887544204
108.29326309624123
