-4.912736883966318e-15
3.1048483932834428
3.104848393283449
3.3965298273441995
8.169682687240705
8.169691506261252
8.61742993166739
15.541914787300353
15.54191478730039
17.676783201960085
17.67678320196009
18.273454536088096
24.893880237795553
24.89390662967356
28.09969913577146
28.099707666870227
35.869751549403794
35.86975154940388
43.453272522833515
43.4532725228336
47.982413002159376
47.982437460918064
57.25651239031592
59.72781451873234
59.727814518732465
60.63541548337578
60.635438550142545
60.65912752686557
60.65912752686573
68.67703427476246
68.67709486213974
73.28648735150585
73.28652025011235
78.02435102798601
78.02435102798616
84.63212103378478
84.63212103378481
85.24799522079837
85.24799522079854
95.36515284536645
95.36518260090824
95.95711205806931
95.95714438909224
104.88772742496252
104.88772742496259
107.89262940331244
107.8927394235586
111.60044959842705
111.6005747070101
112.45641262574564
