1.3461454173580023e-15
2.2215602479038674
2.221560357613093
7.126296009848862
7.126297123818213
9.143885476334932
10.401649000656812
11.671665887137308
11.671666586779601
13.78155058018531
13.78155196786025
15.007506535000209
15.007506562292741
18.541838622471413
18.541840198783426
22.212763953671526
22.21276494970824
28.175863935444305
28.175869387044315
28.376727615803375
28.37672938178035
32.34779068913345
32.34779737702734
37.254651600450266
37.40120713235958
40.259747196869235
40.259750578647214
40.52625594775429
40.526257186538515
41.01895930882217
41.01896067404148
44.0515928890597
44.05159643285422
44.479387619053796
44.47938916010387
50.208966858059966
50.20897308714458
53.152091819037416
53.15210740220775
53.81716465626208
53.81716677265015
57.15892947003527
57.15893350217904
60.92660356818
60.9266092277071
65.38990032582983
65.38990068166578
68.85624539096281
68.856259158459
71.48166205226775
