1.32985636391858e-13
3.5858787080143446
4.369311047716133
4.369311555146722
9.711266689807395
12.634004726140933
12.634005492531328
13.918950553113056
13.918952344794336
17.961106775392434
22.63915244123601
22.639155133498132
24.310637316141033
24.310649715338236
25.576880725473696
29.36828641985552
29.368287825825696
35.548707002542436
35.54870738247733
35.68044095659109
39.32035683251864
39.32037032618654
41.240277282981566
41.240279823985894
48.713361363602154
48.7133695562499
56.74948649382423
56.74948815238214
57.76504951081115
57.765070011600564
59.18064747895649
59.26680075913981
59.26680206178981
71.25520014393362
71.2552084637867
72.08109430782609
72.0811195808686
79.70991658716974
79.7099474248313
82.80883284738358
82.80884691172314
87.86181494879588
87.86181549120097
89.82640672105262
90.4597077163885
90.45971450626463
97.29361350080583
97.29362790458855
105.18212081035693
105.18214198967213
