6.564367105443836e-14
3.356833544425718
3.356833596763597
4.867922065149302
9.188966401354444
9.188969633506726
11.493902313757133
12.540433267689341
12.540434155629963
16.38348146853096
17.07135871716335
17.071360949519338
22.134637133229347
22.134637167041458
24.439955787140644
24.439957805676997
26.938664318192302
26.93867891745456
34.292505923278476
34.56448381752513
34.56449479620878
38.90943047376584
38.90950408177609
43.62802523986311
43.62803182386591
50.38014618572748
50.38014705841721
52.29889995228727
52.29890110424562
53.05493985617831
53.054949278161935
65.44930834852859
65.44931539568572
69.40796304086777
69.40798972619967
72.5894843998266
73.36375889204278
73.3637707311274
74.22760279801506
74.22760482704581
86.26020636386724
86.2602557983955
87.98030331863929
87.98031260062247
97.27198561282417
97.27198799960809
99.60843260417388
99.60843369875009
108.77118336507131
108.7712539289399
