1.3433698597964394e-14
2.3963483733956714
2.396348527929794
6.501467185574871
7.021476110451791
7.021476321826781
8.200333137825014
9.735059224770447
9.735059846543962
13.531415047466806
13.531416932126094
16.13685861285202
16.13685946663772
17.29855226691277
17.298553359055727
21.929053873037326
21.929054141933758
27.100746456293255
27.100747333805604
27.369635928727416
27.755473599393866
30.03987775933277
30.039878314515086
32.140025559103314
32.140030993446054
32.459431422075525
32.459433152957786
35.11857234007177
35.118574633945954
38.74706614943672
38.74706617941166
43.74336493306598
43.74336814586037
44.07007642306612
44.07007907474925
45.88252382595181
45.88252637018342
52.15205187396419
52.152055456004184
57.60787002102081
57.60787115567289
58.849930091010684
58.849930408648405
59.52581997519566
59.525821490549134
61.17846648819515
61.24381692705945
63.06074629346935
63.06074890943064
66.79656728948557
