2.7261179424975523e-14
1.7317741075602584
1.7317742483260057
6.600873849969037
6.6008747868044715
13.91232453691077
13.91232473284865
18.967276816919075
19.850366464402004
20.737949801305373
20.73795122922649
22.069122000302137
22.06912378342859
23.16521517776786
23.165217315844956
25.980985790320858
25.980989168587616
28.944157685729436
28.94416287834062
34.211975278406584
34.21197992544198
34.49977496921168
34.49977609896839
40.831181704591444
40.83118248226995
46.00212323933238
46.002123880193906
47.045185830213505
47.045189303731924
57.607396978418656
57.6074034328803
60.15206858147132
60.15206898744302
61.65684042680734
61.65685120251715
76.57276309292682
76.60852384896118
76.6277602818078
76.62776352094802
78.01221673888658
78.01223302057481
78.44542319527189
78.4454262231005
78.51039252146539
78.51039766550994
78.56674346382881
78.56675030249916
84.33177349582358
84.33178630762494
84.47756168618167
