2.979561042337764e-14
1.6489197871132306
1.648919813216348
6.383823324972988
6.383823632239604
13.695448510775188
13.695448600137205
22.361248091665978
23.094332269771243
23.094334310209437
23.19624143217338
24.036372240119782
24.036372402166478
25.206692698133875
25.2066932578966
29.017189305035217
29.017190616552238
31.383678401530535
31.383678799716918
34.33102602935624
34.331030396918344
37.17435944766277
37.17436036255157
42.03172028212147
42.0317236093845
47.34008221936848
47.34008811601447
48.307344978152784
48.30734676114625
57.27733174255387
57.277332702973936
62.10811925744001
62.10812085471832
62.16781064308175
62.1678123672114
76.8151616640705
76.81516471602744
78.49023124723261
78.49023398175235
78.61230385439544
78.6123128021805
90.07287058629112
90.09994524635478
91.87405777273094
91.87405870303378
91.91331846968146
91.91332215556515
96.80960046497
96.80961738823686
97.02228090836354
