3.660266534311063e-16
2.195413952362141
2.1954139523621463
2.650458863666151
4.13817457131007
6.28300812142348
6.283010371423082
9.042204347463239
9.834567644155836
9.834567644155843
12.932426875778454
12.932426875778468
14.327004906057821
14.327008977321817
21.67795268908093
21.677952689080964
21.907324981247474
21.907341759939968
31.686439199803694
31.68646610134776
32.89603693704139
32.89603693704142
38.904740867736564
40.15502330446592
40.155023304465935
44.04997287860005
44.04997607713796
44.078666770870555
44.078666770870605
45.53356509867995
45.533605686301335
50.4824160683043
50.48241606830439
58.515433304420284
58.51547869154944
59.36100806481682
59.36102723578002
59.42917061232858
59.4291706123287
70.55043169699648
70.5504316969966
74.19167772615785
74.19177147385754
74.60227624539394
74.60227624539407
83.86054680639717
83.86058966484798
89.44579944787503
89.44579944787503
91.90138518081349
