1.1886325257393082e-14
3.3892542295015913
3.389254552892465
5.016247201664007
9.225879101691556
9.225879526596986
11.955267241956568
12.656615921328378
12.656616344305503
16.56860284553563
17.039523952323282
17.039524576026995
22.939539948523635
22.939540722211273
24.28384966600954
24.283859161859446
26.704861699610056
26.704877219327955
35.53066832487455
35.530670976329304
36.41224383532842
38.2719471095466
38.27197368518437
42.90764889574577
42.907653368843185
51.10010348268844
51.100109454741975
51.72403766879966
51.72405488132697
54.95341687790199
54.953417807248215
65.84830185050885
65.84831560621424
66.9856081443403
66.98561045526203
71.63853624671098
71.63855985043037
76.44247597710091
76.4424774897892
77.08424933323768
83.93919741845205
83.93923958987136
87.03568269494086
87.0357118394137
100.63016810446125
100.63017529874834
102.0443982278196
102.04443790268637
102.43250096108817
102.43255293220405
