-1.3686968225457008e-15
2.2617995613699504
7.666413876077042
8.49672510977013
8.931548293572458
11.285997339180257
13.821993290565418
18.911548002105942
19.619805118798038
22.995325009155334
28.51468975416268
28.97843626261531
30.892991966100126
33.3458187861782
33.58972262021233
35.05498270787397
36.21121371612047
42.238813731993794
45.3794369125807
46.92041805080312
49.44120582535942
53.47319134912801
55.639801551014
60.62912058242226
62.54228347112965
63.1083639287557
66.0350808431736
66.78862072770376
67.96019668537318
70.44603066734427
73.61347210687047
74.85107588721077
77.69818528146945
80.93712332181467
81.37873292377634
86.65223533937399
88.50365794565334
91.69758259488253
95.94894544118802
97.67747880876031
99.63307854587268
105.25800841980015
108.64566774131711
109.98598567364984
110.10760952013372
111.17927156643884
111.3763484371918
116.75210291502682
117.16555807838277
118.19005791491695
