3.8337388819087437e-16
6.275672329267775
9.746677932560452
15.617722822518413
20.738389697239686
28.48637594932855
31.36463714352054
39.527378406397176
42.52878761486475
44.3754375656238
55.39534147112102
58.07983993603349
67.40820351243067
68.44031078955946
72.59766651689333
79.8032277983822
82.05260397830756
90.46955447781936
97.97806962526843
98.90627917635196
103.96859460186307
109.50013170493679
116.43960159570756
122.54847376166322
125.15753565909229
131.39482253210173
134.13660461960757
137.9358243076763
145.7295950718157
148.49154861158178
153.07387524967166
156.017084703697
167.79272007289342
175.50309624792868
178.1051597002351
179.49667954143817
180.38822861795637
184.94428448917603
193.55352883703733
198.08999837941286
200.22056487824605
206.8654552231048
208.39288130047825
218.62789844390736
222.48418103315691
226.63440359140642
229.1334861544292
235.90674201241615
241.88444231474506
243.37608453302357
