-1.033374774639384e-14
3.4136061892464844
3.413606457791103
5.0180512129151555
9.320261487570964
9.320266514322194
11.930971256719012
12.750938549061555
12.750940812916307
16.640771800602963
17.276628169966656
17.276637452600397
22.92532332098076
22.925324138747786
24.6898962041137
24.689905948997012
27.20323987766129
27.203262531492207
35.61938721805223
35.61940096947743
36.157596888275066
39.20736902137733
39.207378477042994
44.030046844858155
44.03005134026003
51.536263974948824
51.536277463133594
53.34336772158964
53.343414875940525
54.71763809120283
54.71763944887307
66.89385808820425
66.8938721668233
69.62217102930234
69.62219779071583
74.39970404067077
74.39977183285258
76.30516140051581
76.3051788515978
76.5331614074003
88.02889780712567
88.0289182773489
88.14912663364387
88.14913254261253
100.7161370344581
100.71615263090673
104.32441057431431
104.32441193943285
108.53186859400651
108.53192571938652
