7.94850296692573e-15
3.394208034354933
3.394208034354957
4.914700715426386
9.25990118113323
9.259905617786831
11.564335464285215
12.673548986689935
12.673548986689992
16.681777099709816
17.115553566201495
17.1155535662015
22.24604319266033
22.24604319266035
24.417884372150024
24.41789229764545
26.81162159760549
26.811623291693635
34.104983023577816
34.68051595247343
34.68052219674982
38.36348476794213
38.36348476794215
42.8971558440926
42.89715584409271
50.20604411780873
50.20604411780896
51.71348488819648
51.71351400404394
52.1707624737952
52.17076247379529
64.8343251295928
64.83432727961416
66.73700368482534
66.73700368482538
71.11817922325514
71.11819167873944
71.8034387536292
73.24115918496642
73.2411740866927
83.25647600416659
83.25650006019383
85.49101694634761
85.49101694634774
97.00679634749086
97.00679634749088
98.83328476287203
98.83328476287213
100.60760123133777
100.60760123133791
