-1.2385925618474403e-15
1.9934170003395664
1.993417000339569
7.042517274970924
7.0425179707133685
12.505857633734738
13.558341184106096
14.051745671044754
14.05174567104477
14.61857176817043
14.618571768170488
16.687343933654905
16.687343933654926
20.713038722261672
20.713039160917845
22.850548709055598
22.850549431953645
26.492198888376457
26.49220057740624
30.173540610779753
30.173540610779867
33.469649450582025
33.46964945058204
42.303170861883395
42.30317246098101
42.32291385611459
42.32291385611467
45.88305015313989
45.88305834739089
50.752788703796284
50.82937079675268
53.233740960182665
53.23374096018277
53.40069518271841
53.400695182718486
56.58472175807751
56.584721758077514
60.0253358735249
60.02533587352494
60.69319935320581
60.693199961436264
61.36343216109076
61.36343299245795
61.380275364347575
61.38027763458058
72.72742952155728
72.72743421771783
73.07750903449163
73.0775090344918
75.64044054572624
