1.3456250003152093e-14
2.674572215448122
3.4062950754566517
4.01426937659738
7.670189979174909
9.299329690485298
9.807927979761683
11.162704959758802
12.497968091773568
16.34208303263897
16.76737815701162
18.20076024457871
19.20232991141591
21.22808940974782
24.283758257340267
25.07885361322758
27.214073884303055
28.11509032813368
29.464124257725217
30.83872024936153
33.45703039284933
33.489700728866374
34.48296393041062
41.38247208205948
42.141904758224065
42.20823091096749
42.346409879681346
43.04866895827048
43.35503234769274
46.99478917833718
49.93087672340085
51.03626724073081
51.06652388800007
52.36986910590469
56.568251709142686
58.56844835388108
59.258989177888445
61.45843777118788
63.50312088517233
64.27090396446636
64.32366701024885
65.27394470870335
66.25205683976583
71.23868481236941
71.3965458952823
73.58899979417464
74.71215981706645
74.90920929958277
77.58874365806939
78.59960502102167
