-3.8946276759155296e-14
7.683526776084765
25.666153999890035
53.66551199602492
60.91759005747885
81.64781176371434
91.42510647014824
116.68286415661116
137.80407517451422
138.412091842315
178.53934433847988
193.27119345671952
199.89616484216643
220.72511386689897
244.82717564261668
253.69552610379642
259.6345352396289
278.25597097588604
315.51603963696823
330.7560513461161
336.46509273599423
348.15175096295224
366.3418643478613
405.7101256062449
417.4115081036631
425.6775977262039
440.17953082222533
464.13800569369005
484.37510745360254
494.5421042420866
504.12121059204924
514.3413050792558
541.2450442788991
551.7662431139104
584.0803193666343
587.5572494291526
605.5876138284574
630.4127557899228
648.607740583669
652.3570268464945
672.5226580162445
692.5908542373186
709.6534687889314
717.0272967361731
746.459763052692
759.1375108188303
770.2730883339011
798.5568408200002
812.271103889032
824.2740984639263
