1.1112638587107426e-14
3.387736165511083
3.387736360459917
5.084061893242239
9.222937628712817
9.222941175606854
12.257989605767058
12.645899117851814
12.645899911911277
16.493656685946732
17.065477584215426
17.065478670180706
23.545656006558993
23.545656580282397
24.33060607068383
24.330607865714033
26.843826934569226
26.84383531792372
36.321182954791986
36.321191528106176
38.46954987623995
38.67845198142394
38.67847133293207
43.50427860980939
43.50429549908721
52.121356261588
52.1213611979904
52.638361469025746
52.63838399456035
57.438085710692334
57.43808663780637
67.41528518884206
67.41529895271617
68.75145587136122
68.75147237889027
73.64776904889801
73.64778532960169
79.37501207140124
79.37502584977722
82.01835526861692
87.02282837885028
87.02284617014067
89.05286485080664
89.05287943062834
104.105509467912
104.10551245576985
107.44378307403085
107.44393018348138
107.59697579757197
107.59707837045354
