1.8023776915399026e-15
1.9827020085164824
3.931156475795256
3.9311564930681966
6.817550089080772
7.396289610220599
7.396289652324623
10.18603704432981
13.387429961721935
13.387429964345118
13.938619738248551
14.758281549044163
14.758281603339105
17.616226609377225
17.616226734466853
24.371925250796448
25.182266243107204
25.1822664325219
27.076412679991716
27.076412735516623
28.838702501489834
28.838703690695038
34.21425395356185
34.214256581060184
37.23422206864481
37.23422224162821
41.58990223047081
42.46937277844204
42.46937665083326
44.630401154106366
44.63040120608468
50.06074759987427
50.06074896877119
54.31786363727587
54.31786761372169
54.43928271672581
54.43928284348581
56.68138562195985
56.68138674341575
63.85589650760451
66.22916265475253
66.22916344133039
66.94204164787834
66.94204169439513
70.92775645721674
70.9277597387973
76.47782395542214
76.47782403863174
76.92012295607601
76.92012559597497
