2.580748115210696e-14
1.9994702144703764
2.000179070740102
2.000181118130598
5.9927525231728564
5.996288492587692
5.996404897880271
5.998913440546451
5.9989323244576065
11.968961024815089
11.980157196193899
11.980362225209468
11.987638721498275
11.98781981161128
11.990375132075542
11.991285519996934
19.912598571565308
19.93855871872138
19.93898626209227
19.953479917596255
19.95407168855449
19.96530910649378
19.966553125707353
19.968123304370724
19.968964325033177
29.80373058242898
29.8518656449472
29.855011590800636
29.87955290778759
29.88005332573755
29.908706401474994
29.909616404194992
29.913300511500125
29.91444838512725
29.925107586507444
29.92782537742115
41.617058642564764
41.698786863346164
41.704403092972555
41.74233245983177
41.7438976241335
41.80056715994443
41.80230323491582
41.804191850044774
41.806247637336675
41.8401963960583
41.84376781357306
41.84588384985471
41.84754026611355
55.32353238288146
