6.561938492577468e-14
3.390516785872091
3.3905168310153617
5.103703678486767
9.225968043985148
9.225969576329836
12.329799309958691
12.653098565359318
12.653100692004472
16.50786896077089
17.065505897353212
17.06551144981254
23.68704197315024
23.68704448785236
24.31889093021406
24.318896975587215
26.838423639193312
26.838425613483547
36.489162963602276
36.48916393763291
38.66728572409766
38.66729425218357
38.85563097471828
43.49257373104913
43.492586000338285
52.2929016963638
52.292908840328096
52.62326360773951
52.623293606235855
57.893407558538485
57.89340882835023
67.56817017238593
67.56818074579553
68.73665746299851
68.7367220063601
73.66814651100047
73.6681638958216
79.86744958995011
79.8674542126227
82.73469426449736
87.01536459622264
87.01538648249951
89.28499804226432
89.28500447068791
104.62081846738826
104.62083045007307
107.45377913775943
107.45391298514515
107.580272678636
107.58030743406582
