1.5328016633731067e-14
2.165683439315014
2.1656835920829987
7.098061402787938
7.098062242897436
9.884345343625832
11.097564818531408
12.298075852182937
12.29807694080702
13.744850895723866
13.744852181553117
15.259847077966754
15.259848512180206
18.969426049732167
18.9694282952145
22.06861575678886
22.068619460285475
27.641387093252042
27.64139281595765
28.690172197991448
28.6901730925552
31.967748752632787
31.96775168559815
40.489192192340646
40.489195071454944
40.55134812592467
40.678424883479565
43.25904264381515
43.25904566613844
43.59093790791126
43.59094272991101
43.96348274381537
43.96348566034388
44.29684749970338
44.296847918944806
52.63744737091497
52.637456976253816
53.86426198304411
53.86426425025906
54.64923366254248
54.64924397494168
55.71852870974304
55.71854731500406
61.31780999034224
61.317816790242844
67.10508655929912
67.10508735633579
68.52874591079888
68.52875332718229
69.094163222305
