-3.309158502773357e-14
3.39024769144906
3.390247691449077
5.0107455014309865
9.236067975527886
9.23606998801494
11.88040953325519
12.640119424726956
12.640119424726974
16.46764629510203
17.0848792054706
17.084879205470656
22.714995332785268
22.714995332785286
24.36978741757097
24.369800026727873
26.84719380909853
26.847245486932508
34.80266113515838
35.0118078315043
35.011815764634136
38.62132813998534
38.621328139985344
43.29125139977864
43.2912513997787
50.372994746057785
50.37299474605792
52.39961389981381
52.39961389981391
52.450333502897664
52.45035282190816
65.08552019208516
65.0855551269025
68.33132098832613
68.33132098832615
69.35552125932557
72.31618305820416
72.31620691777839
72.87974260549147
72.87975467830401
85.2034327847568
85.20343278475691
86.23293178476129
86.23310468056822
94.18741962036871
94.18741962036879
94.54323722105796
94.54323722105799
106.1047398422819
106.10473984228193
