1.3116244201860638e-14
7.092721854460805
21.348097352406025
23.903162381473948
37.508009151360675
44.643737072308554
53.09929983183142
70.12195141025516
71.32286471424173
77.1406888778874
90.19598998543287
96.66483275609241
98.02818235545725
108.72032671297613
119.65905788356457
120.14841868851948
125.48810829088991
137.71808446120332
143.01049209096746
149.5983300405797
150.2079376828583
151.3974009230735
160.09369231037712
171.869111846627
178.12627694188927
179.12925565585013
181.6295996492436
185.88160917689885
206.75382269997323
208.45661692321005
208.72656958410118
242.44583232635438
256.2444535758163
259.6311405325797
260.2642343021727
263.2566746776613
268.2901778099685
271.3479784739244
272.082850038288
283.2647675896251
302.93193099668594
324.51804483506555
326.60818278770563
337.83965115668843
357.67983876960886
361.4902743558997
367.4445381217056
372.4559435285699
379.1383783117675
385.5344217735646
