1.513268677033608e-13
3.5238959699802157
3.523896015724216
4.456551045058398
9.808959394300528
9.808959613265783
10.29616742447605
12.945955569604749
12.945955702531515
17.70565462790362
18.432263470499137
18.43227068906795
20.508220851033176
20.508220915809577
26.138074348473577
26.138076252371967
26.738623550112663
29.329163979574865
29.32917306138303
33.25237524988558
33.25237637672983
42.60922915677086
42.609280624357375
43.29592176301793
43.29592255270062
44.73465340679478
44.734658103475965
52.47902233952031
52.47903056221614
54.59527283132766
58.33980181038209
58.33981979506096
63.46444970043481
63.46445015213027
64.0827435386181
64.0827491525716
76.55140655526473
76.55147382223238
79.50940511604472
79.50940717331514
82.83358820536525
82.83359252131707
85.25857831634326
85.25860987047396
86.8126169991382
86.81262470070516
94.82226497584584
97.25335856378771
97.25343120546515
107.80647243998646
