6.890321646579878e-14
3.3937161862099985
3.3937161862100442
5.047517708815511
9.254233937158475
9.254234850178108
12.099463809502081
12.67496701486955
12.674967014869992
16.519679712579645
17.145244255166382
17.145244255166517
23.242312998660566
23.242312998660736
24.481127339494495
24.48113590685668
26.998796622345406
26.9988035217982
35.984294838394874
35.98429880241602
37.47592743353159
38.93784271138905
38.9378427113895
43.7940159114402
43.794015911440404
51.851816065658554
51.85181606565904
53.03539783407896
53.03540685898048
56.28161639020622
56.28161639020646
67.27087675670555
67.27089297858228
69.32469017957811
69.32469017957847
74.17258911479855
74.1726417971603
78.11882324771945
78.11882760215852
79.91261465757975
87.81715360714234
87.81719467504112
88.74711266742851
88.74711266742872
102.79209975419523
102.79209975419555
108.17381338445604
108.17381338445625
108.51156643755125
108.51156643755186
