2.463307335887066e-15
3.452449368913061
3.4524493689130744
4.859342348768781
9.478316503090232
9.478328028842684
11.313629653632743
12.872408322205535
12.87240832220554
16.97373122475036
17.630294591100064
17.630294591100068
21.89205311270506
21.89205311270512
25.236184666041535
25.236211329335177
27.81731808518013
27.817349455114343
32.231269967670585
34.43014955943387
34.43017673593675
40.126638254567
40.12663825456706
44.59899164161104
44.59899164161121
49.95049128122881
49.9504912812289
50.7947928638225
50.794792863822536
54.591031920789376
54.59108568742632
65.5254202940982
65.5254454862581
66.88514788427226
70.75369424708053
70.75373080053724
71.19670350249704
71.19670350249706
76.11951200187582
76.11962944916641
86.31718192701607
86.31718192701622
89.89973245330215
89.8997896303587
93.2039767843144
93.20397678431456
94.39621241738645
94.3962124173865
109.0445150466336
109.04452610794266
