2.4792667918660527e-14
7.276653803848942
23.45611734166318
25.658643850364324
39.270493361174815
50.63582270528174
59.409881941133065
75.9784126849562
85.62259365236466
88.14491258438159
103.99065482550944
108.29994537317947
123.6345913762845
130.85775457808248
143.22671680480872
157.9426078774931
169.06066952512685
180.45209639196833
182.41889026491512
192.8421357410525
208.41437331804056
212.539837753151
229.5777861866077
240.66643863885142
244.0446928827489
249.02014998462695
263.4054976913558
279.07440751952026
296.5835891933177
306.02340673567335
312.9894260399085
316.8674184053258
327.3217321153828
334.86698343720343
343.5997148873374
357.0338205685637
368.8735409299574
383.70812722781665
391.9918603428624
396.48186627349037
404.28685641139015
415.16973497173205
421.7566340307898
440.14832420945
453.23938182271775
465.4295720077732
472.9818151828186
480.3107004780698
488.2053464207308
504.93187272926417
