2.12642403685237e-14
7.6867241675479
25.445409885207
52.2828839458229
55.700139634157644
81.3035607971452
87.95918305649795
110.23254308930744
130.38313026422801
137.06376375289574
167.94406546241848
177.98006221745982
198.30411795892857
202.40607193147864
230.2460246228572
235.23853079009237
238.8322528125067
266.9858730250265
283.53923803719624
296.1603599033771
305.8692477123156
333.24011639455597
338.73530402606065
344.2745940765241
370.88094958970237
388.19563937847147
392.9590940519447
407.7643376765216
429.30992931071233
439.0246094237975
442.0659420032852
450.45050212483187
473.1050367751839
481.2245145892732
484.1824039826229
496.5039365724928
506.45872758588814
524.0067298420738
532.1833087017619
549.4635956683006
552.9015428387696
558.2332817528863
569.9687190846424
572.8098442504972
584.8762852007123
597.834806188449
597.9136820068521
610.0430052007179
611.8634428868542
632.5082820948954
