2.5852757434829954e-13
3.5692292319361725
5.006039922662209
5.006040130557379
10.208784685620497
14.63363480000284
14.633636031680988
15.111338448904135
15.11133852542649
18.308968354612606
25.45864419435088
25.458644585976625
28.339628410169535
28.339633098119226
29.21022103735369
32.38788055342446
32.38788218153528
35.45866222455575
37.27097773403263
37.2709791203956
46.03434912622478
46.03435788049556
47.891927986154236
47.891939419848114
54.18094694570703
54.18095116204328
56.806752388413514
60.02235793695079
60.02236048210576
60.75599914658047
60.756004925781184
67.82664963562114
67.82667897333748
79.9425828629579
79.94258742567814
83.3565618130122
83.35656236278622
85.55851977380009
90.1592396837666
90.1592398843821
91.20356902561849
91.20357664442679
91.49794677609572
91.49795174908654
93.78793377006068
93.78796051442325
109.89532114205824
109.8953389854325
120.40754568771463
120.62057558726853
