1.2720727249337926e-14
2.078880915692284
2.078880915692303
7.048751540730398
7.048751584115921
11.16402171774194
12.291849507362805
13.420058165453932
13.420058165453977
13.731270644892943
13.731270644893002
15.876955624551748
15.87695562455176
19.77470359880381
19.77470521441778
21.961260314646168
21.961262093126567
26.893773458552477
26.89377964002399
29.255583632551982
29.255583632552014
31.604904798848224
31.604904798848242
40.893517562271846
40.89351801440987
42.429607574637544
42.429628561303474
43.293105964161214
43.29310596416125
45.5677028181013
45.66323963017733
48.30162923744544
48.301629237445454
48.541456912647924
48.54145691264794
54.03200608093692
54.03200608093706
54.148068190408125
54.14806819040817
56.45113235209407
56.45114157061964
57.569111635123456
57.56912114833987
61.11774205585404
61.11774249570943
66.44039718856749
66.44043354340675
68.24531616325248
68.2453592990914
69.66166949761568
