8.162567843861268e-14
2.9595662443212936
7.2844763004729955
10.09217495768005
10.406291282624336
11.71961466977253
18.75791755645535
19.296578864079923
25.903284176203037
28.829099804604777
31.49758816328556
32.32926249978424
32.96308867940416
33.70443539111467
40.14130987682606
41.00671750007251
45.31288022223672
52.33337536293413
52.990742966469114
54.31328528592418
55.46494130068347
63.90059024982724
66.70294275014489
67.5370521455369
68.6531440553616
73.64296844887299
74.78241306410699
75.31405934393814
76.32023549449586
76.7812500983411
76.86558549717492
89.43750415618238
91.37343134241328
95.47236604628601
97.58192562831124
98.17583976383872
103.28856670045403
104.20314556793423
108.7115568396887
111.0966781492637
111.25266308092921
114.8773833860468
115.70698103266977
122.54455113175037
123.43348468450345
125.09919283108296
125.44097834916879
128.06971549574772
130.92775139157396
132.57754053548322
