1.0873246747422627e-14
3.554989734677007
3.5549897682869323
4.585000987807503
9.859026776099771
9.859027116169473
10.57041470677684
13.096063084654167
13.096063498041875
17.82586805024305
18.46013413366641
18.460147204119433
20.911717052275012
20.91171915758332
26.22744987788038
26.227457150229515
27.63598235831122
29.258076761777485
29.25810800211201
33.63180997652968
33.63181728769286
42.32219631686314
42.322215820166285
44.41280842148004
44.41281061677779
45.05090873723385
45.05091072189541
52.1231296753256
52.12313842145762
55.99081450347515
57.66762918911369
57.66763751724581
64.5306211209565
64.53064218039805
64.61444874049472
64.61445035387543
75.26058536696765
75.26062301915958
80.94426831444137
80.94426910457803
81.0062448057344
81.00624787020047
85.48085742797123
85.4808672540973
87.83989469010406
87.83991162956424
95.0339511490951
95.03398524794
95.76391024860548
108.64751385575798
