1.675638794385037e-13
3.362224591769828
3.3622249891722182
4.928268225162646
9.189010214837252
9.189010531516457
11.704209551324247
12.560826393703865
12.560826688114956
16.382801717292214
17.052027661783953
17.05203330453381
22.504237300466254
22.504239143372192
24.389490826286465
24.389494867822
26.885325185391107
26.885329363752057
35.014305790546366
35.014306473929324
35.41315859287367
38.80925665133949
38.80926069123412
43.588969942083594
43.58897943884942
50.77931280607369
50.77932353977391
52.89601419652091
52.89601785712305
53.667925707493545
53.667929841028176
65.98456141915301
65.98456564479591
69.17905402983064
69.17907692241815
73.965708918988
73.9657274609951
74.94447778279385
74.94447894706457
75.07992572234994
86.95503349464732
86.95503363155589
87.67064860088185
87.67065903627055
99.04383051797336
99.04384058737266
102.45662730810808
102.4566337378602
108.37057253808005
108.37058519446656
