-8.671188767017668e-14
7.575477127124718
23.360692565710668
29.531954426324337
51.94668430048848
52.24271361062281
67.70841051116355
88.0395505819097
96.00258298358395
96.7491261844626
117.37382784466168
133.2379768725256
141.27796892576777
150.93539847379105
156.41779242879738
179.14561723883432
184.79781423453687
202.67567827386517
205.4809543815521
220.48818604948409
221.24223768430912
240.42960721723287
254.97020660796431
265.51413975967256
275.4230080009985
275.83301964620847
296.5452279686064
298.6402176029026
305.2150321937262
333.4541861809173
333.8555352516065
340.6652018485323
353.3402935202729
363.8991675855547
365.67140586960113
386.3279874534929
387.9849398755518
401.55711948686917
402.88888742140665
423.55243995133407
427.3390804509016
437.7014637997207
448.3252472943542
449.7795340329076
458.2193012759571
468.0133261372513
480.2741553266642
481.8480296405497
488.70555703430824
498.6401784582409
