2.1231627567175337e-13
7.597583400498749
25.244876839353054
35.701560509680796
53.32083072566184
59.00412604802853
80.34226323317866
91.32329970975758
106.66756301394756
123.74211904560445
135.49392656027808
141.64988836563836
163.13894666826252
167.19450602680072
188.36821095528418
197.77485874934257
213.79525229025097
228.6498152448553
252.2748465378105
253.57954278692017
265.78089878592596
275.5496418172457
302.2421436426619
309.7746739697788
325.7795591400542
327.2805639707057
343.6297945198971
346.73928789987053
382.9257646263009
385.7135779971273
403.98822125083433
409.53195723257903
430.7836645377635
440.9272944026367
451.15216804763355
476.71850185796563
480.3517731916814
489.5200472439308
496.7410102151268
520.9510731869723
531.2469557806512
548.5533389496937
550.3257541077431
570.7204070873087
582.4000051417502
586.9126508410766
597.8088634238505
616.5839395759543
629.7419358207144
657.6968170551353
