1.7550197406457357e-14
2.0293403650627333
2.029340365062745
7.06663973511631
7.066640406871528
11.897271675701596
12.981255743732627
13.999143325202505
13.99914332520252
14.065842616491254
14.065842616491263
16.286319906530448
16.28631990653048
20.279279909092196
20.27928073557371
22.698333953759516
22.69833531661437
26.59766492391451
26.59766582161383
29.819116592518405
29.819116592518455
33.1756715236434
33.175671523643416
41.917243265639705
41.91724455107596
42.8143458925011
42.81434589250114
45.37352800726772
45.37354100894081
48.44932150258623
48.534627146556616
51.02824041250447
51.02824041250451
51.224165858092384
51.22416585809252
56.043851155222534
56.04385115522259
58.77401621960633
58.77401866553567
59.19435121017482
59.19435121017489
59.60896491941667
59.60896714808729
61.625495888080565
61.625499867031415
71.57604222715645
71.57604222715655
71.91171234986452
71.91172030700363
74.51887932146039
