-5.325601071248798e-16
3.062516196227745
3.062516798248726
3.3489206419587605
8.007038853655507
8.247294602670646
8.24729908532453
15.856027113469484
15.856028842261102
16.037174069125896
16.037181295869164
17.134789262114886
26.14192191327124
26.1419249719618
26.361976119557006
26.36198936184975
39.16281720836096
39.16283312889256
41.25499480352043
41.25499576528771
48.80652724108708
51.23237639487445
51.232380273027786
54.29875494344942
54.29875990162716
58.50307925668186
58.50308964847712
60.5752332383981
60.57524842834405
71.57215121796447
71.57222426846104
77.09301439519517
77.09303049645577
77.66931407255429
77.66931528285907
90.74617586409015
90.74620410283373
97.29199190373542
97.2920067025224
102.81994907917209
102.819952942017
111.55331010095387
111.55333782914519
119.21187705404667
119.21190674471285
123.58114780043073
125.97322472405112
125.97323812048924
132.87030852042253
132.87031858652526
