6.59472476627343e-14
2.4899841017293127
2.4899841017293425
2.8460146806978024
4.153611837141948
6.627260615557046
6.627261541945358
13.49161819946518
13.491618199465234
23.036428108361296
23.036442164398295
23.188441256408165
24.44677458746975
24.44677458746978
28.826450625112766
28.826452399522946
35.19652487764318
35.196524877643206
36.10012749887127
36.10012749887131
46.22925518198981
46.229275463419846
49.888215018218084
49.88825979563366
59.16019455895913
59.160194558959546
67.00963052974285
67.00963052974288
74.82436182225516
74.82442227909132
86.44074428771584
86.44074791828959
93.13884078399361
93.13884078399369
108.04404926513025
108.04404926513034
114.00645979281019
114.00647201821997
131.6651043585435
131.66512050887283
137.31664636599172
137.31664636599172
157.13365220408858
157.1336522040886
162.94579542800852
162.94580544972294
184.2649445203071
184.2651538287562
190.75804314049094
190.75804314049105
