6.71511457550622e-15
2.386054208271885
2.386054208271894
6.760136032992555
7.062018934312324
7.062019242480704
8.378480616027026
9.888578358808928
9.888578358808962
13.644304055828917
13.644304055828982
15.79671184856502
15.796711848565085
17.40659085448986
17.40659156428239
22.181555162685992
22.181556434955024
27.293442675605878
27.293442675605945
28.204774262763408
28.5397490746846
29.945585376766985
29.945586166689587
32.64398815113409
32.64398815113409
32.977696497480814
32.97769649748083
35.081178402427895
35.08117840242794
39.11540080558246
39.11540229358038
43.893621256925854
43.893621256926
44.99046845940196
44.99047744313198
45.91066155847828
45.91066201872874
52.82228698245493
52.82228698245494
57.89656284975227
57.896568705576655
59.17239449290021
59.172394492900295
59.21098065729673
59.21098385855996
62.51661900639173
62.568117886749285
63.02930788655609
63.02930788655612
67.70457496674233
