-1.5008827514151335e-14
3.0261108957492673
3.50378603128656
5.603172041043406
7.304138737872453
11.438313692632713
13.265995989376016
14.000541007122301
14.553681839812091
16.87526172287746
18.165228617028287
21.746410936156938
26.074786769469725
26.20177915761793
27.927981660344976
29.666900156832533
29.801609775990737
30.428986116168414
34.39620051953701
36.56180558798171
38.455578533120736
42.48506222956757
43.75298400650461
44.19359903549028
44.757887348302546
49.39361669540918
50.518579642822196
51.099138034774946
52.48899526991269
55.96138368001084
58.24859073940047
58.52779149051958
60.450628847183154
60.50609528262493
66.64260624521394
67.61178328403791
68.0416866778281
71.16850442563378
75.20438119658583
76.12501355335007
76.68306055997768
76.72430011183694
78.80625220151902
79.34313478024328
79.83447975529532
85.14896308929825
87.05025767382062
90.11692588878734
92.01288453183027
92.56726900609196
