7.504413757075667e-15
2.368046339499493
2.3680464423083247
7.064771093411269
7.076346672533315
7.076346965037546
8.623881734147576
10.088841431879993
10.088841925328916
13.668740071842498
13.668741432113634
15.536107821759106
15.536108593527393
17.54172406902509
17.541724374351155
22.204377887801048
22.20438009724042
27.462349251009304
27.462349427520632
29.45700567048885
29.755551699756097
29.91500440648278
29.915004947687073
32.651050975699725
32.651053273435224
33.93805907493928
33.93806092015148
35.60495417574192
35.604955908567334
39.327219515657355
39.32722186016744
44.18364902393663
44.183650357500404
44.96141513614062
44.96141621687773
46.40343589924886
46.40343612339285
53.0622809448639
53.062284134440425
56.691212288454665
56.69121379309507
59.079251370878
59.07925420631441
59.6493109048042
59.649313422240745
63.5102623750113
63.51026269565485
65.59048392613536
65.6332919034588
68.62425223714428
