1.6618650899857812e-15
2.4863941213964336
5.032974574064582
6.557681056966977
8.390580112034938
9.478227663308877
12.765489125924907
16.091098560327495
19.14695139069513
19.50955955305412
19.638301194186976
22.83377134958926
24.751420952824905
25.37225089622845
27.30542336577204
30.070727196679435
35.11829573326956
35.785296567489176
35.9206116151574
39.75130505243583
40.71446729872343
41.64678240071852
41.724174307390996
46.553625789194825
47.36318143856849
48.128541452368694
50.14148308565867
50.689920273428925
54.831624258500604
55.017395614510654
56.52177038556488
58.035495182320545
62.82348320976325
64.38250717858686
65.99030516110682
68.01001802499925
68.58487715783573
69.35499354390105
69.78575136939972
70.07582429436528
70.99988168732112
74.2337243712498
77.27689350623822
77.7903590869086
77.83527426311409
80.02469648695721
82.28637790263338
83.39719646657203
83.69812897533845
84.63965931442286
