-5.152128723651117e-16
6.308475137501587
10.713434515750423
17.28386496695209
20.356926432070725
29.55601518057996
34.32809430218835
39.67404281220954
41.77987661325997
46.834128887959906
55.47888370194498
59.95098266780378
64.55609715343391
67.13696834879298
72.66202276639598
80.59788083224542
84.20760032006538
84.84186884605187
89.52249488338825
95.74454189041431
96.33224545651939
100.67555548681344
111.10624389898807
113.23470751457457
115.6743639953411
118.88058181439331
120.93168676569371
125.89584062431919
127.06879128870517
131.04633503824002
133.45817404741078
137.73887273116802
138.45994634208753
144.36554455953598
146.11297250796548
147.60772961975454
149.11396852648127
157.13272740937805
159.3661272427217
162.17138888159232
163.5587117423
164.95866342809055
167.78496792387574
168.80030079460636
173.15049803565802
176.4385438903429
183.11028935214256
184.55643756092127
191.51878292334177
192.81224007000642
