7.367544074821097e-14
7.489683724516176
23.229425824393623
30.83968924698546
47.75857518342558
54.404013885608876
67.73665363878652
76.32606816275745
94.49326186166404
97.97581947453679
103.58541000327793
114.93404900111837
125.21582136912562
134.00293489019197
141.29971323175758
145.27581607189745
147.6044149938472
151.7482423898234
166.01799916388828
169.15191702215236
172.04089162207802
205.87003999851484
206.37344194811263
213.16800931076023
215.576370716039
221.03298974673402
257.6260338003788
261.1017972577959
268.7101958675579
275.01942433111884
330.7836402872585
331.45860850528754
332.91171917476674
335.9327734517808
340.3131177356203
341.49507767557816
341.5978727483687
388.86834188648805
403.16688847679507
408.1274447344297
423.9463341480447
451.8298894675429
452.36440524949955
460.7993172964218
474.8785667547452
479.3456583045927
496.7714319152002
504.5737502070709
527.4177553395125
533.8403216854423
