3.7402917568707394e-11
2.496626042789912
9.890559741374203
21.89765748034209
38.05650758908769
57.74613375627366
80.20983205712426
104.584389008553
129.27423957831348
129.933317597713
131.7773305817502
131.79712166888166
139.1716033460627
139.19200084763608
151.17923152883878
151.20398874054092
155.28249998895225
167.33878786672767
167.3759542408335
179.6575656637918
187.02926525431383
187.09173524921482
202.1221276301334
209.4939219848852
209.59904406331285
221.81416842260725
233.86950253345378
234.03743695589964
237.97885364225533
250.0006264702406
257.453358112494
259.21947572781806
259.4706340813839
260.4145466521882
284.56967871960177
284.9223921632694
308.9456946252241
309.4139488060303
331.41108602224574
332.0010891554756
351.1037722503017
351.8106832503467
367.26880773091904
368.0759643497677
379.2903157524344
380.1672783382771
386.7406943236907
387.61582621270605
389.69115981377263
512.129670725582
