-7.705641680288977e-15
2.2728250679752438
8.745741277528385
18.440121644239532
29.909983545413716
41.49285495584915
51.61611443792144
59.12341296054703
63.52921629797578
86.59780707857965
86.7503597348659
92.2045852265505
92.54423583737031
101.13334322646124
101.69148190391391
112.53861124429507
113.26698686326502
125.06320001853835
125.85036683816706
136.93206198239295
137.6044511272402
146.0128531135171
146.35716843283913
164.93439714996407
164.96190766460015
178.576916200918
178.58074337355066
337.59286182827185
337.9065680438934
343.1598217108448
344.4460941279107
352.0651772352393
354.45366601465815
363.48594962734313
366.61959793080223
376.0597379444616
379.2134417637276
387.98042368705626
390.2655513934875
397.0639468575081
397.8666571520771
419.5817429575192
419.6098203521041
522.3283433187393
522.3283516995658
744.3055760750631
746.4185552834355
750.7094212731596
752.9121121597904
760.565465557916
