-6.845218836204481e-15
3.421146264038348
3.421147038745036
5.098790372441856
9.29526948585084
9.295274463304882
12.19822513378888
12.773429589981882
12.773433000359324
16.74165271920999
17.134429659759338
17.134430770762325
23.39146960430063
23.391475092304564
24.377002814886485
24.37700291123583
26.793123103228034
26.793129422419067
36.1419131382815
36.141925473881564
37.51944536952802
38.299867231363706
38.29989345224118
42.89347625430031
42.89349959168258
51.60975228665961
51.609788125177786
51.794029927100986
51.79403295731219
56.41770008250702
56.41770968248281
66.21573264751795
66.21575987142006
66.61184069701068
66.61184785476435
71.54770653163409
71.54771749097613
78.27915776164586
78.27917601412442
79.68165193296218
83.14487239968065
83.14491985835897
87.97848668235608
87.97851221256231
100.31282227855525
100.31298680398814
101.00086842192694
101.0009478661444
102.82784160733559
102.82784342054562
