2.274222477005594e-15
3.8147098835428928
4.566427910826314
4.566431054822257
10.303115802589717
13.104140181128654
13.104141393028547
14.630153122818562
14.630160033116944
19.100171370704583
23.728730917516792
23.728750502921365
24.95775561221859
24.95777876227358
27.04807192485282
30.630495625045334
30.630499396553496
37.594112482032706
37.5941271627732
38.006193719252046
39.81374344859839
39.813743954037655
42.120571213826295
42.120573018791745
50.539210998312306
50.53922777730403
57.48314288492003
57.48316850919625
59.63118948970226
59.63119851239062
62.84245657490067
62.84246547878666
63.09310749309603
70.87153283043912
70.87155350300672
73.21603989069234
73.21604457445834
77.66330238435003
77.66331589701572
86.06438704633582
86.06441032063856
92.69885333081892
92.69886171590903
95.7830315458237
96.02800212471068
96.02802040454966
98.62482970305807
98.6248550687334
99.92202487667761
99.92206045797863
