-2.8536201179818477e-14
7.1830487821333815
18.317449603051493
25.61520561192406
40.40546638894783
43.60050422974666
53.02513176344481
68.30460473224336
74.35454288537018
74.49614270257277
88.48378282108304
101.02562513727236
103.42447584602172
110.27928642221812
112.10115196593526
125.02714418541639
127.62012558300135
140.76168858763515
143.1715327808684
146.15424734373786
148.9959352146499
152.79298851892693
153.6856658946225
165.57225816300019
172.98487551136347
173.56631249851796
187.47109956619775
188.80378260393385
194.31361037482316
196.26084315660611
230.515567396751
234.13901971569499
235.15106487420806
236.514277276643
237.5215380518824
239.82033627992024
239.91369665970115
263.98960680468093
277.1594897025496
278.9605859559121
286.20949230629355
298.88913958163414
304.49990662280345
310.1212359361673
314.6520638321419
324.23468883673945
326.2410516277117
335.8863012584041
338.45293668680614
340.53412026837816
