3.679348492546808e-14
7.618864478241809
25.169486127064257
40.39665644730855
52.37740904764232
65.16194899405968
85.77538057196969
89.7654307158169
114.60598246310431
129.27117197424278
136.4644816776844
151.26021247535053
170.98486061468006
177.43159906566635
186.3876757614553
199.84616068712148
229.2900956669705
231.43783629477142
233.44363565216042
263.63880176209324
273.8863892217377
282.93139122254155
299.9734231035706
302.6296129336766
323.43778747389155
333.8458291609124
342.6903477861503
358.04672657477704
364.507956432367
370.5298006978319
391.70223966679487
394.4260928201931
404.3704094560802
428.6942045957721
436.9993455467939
443.38400093945296
450.82633713950605
460.91516311745727
485.63804420229604
486.4174742471551
489.7524103576053
503.62536308530787
517.943402828628
524.2116812543179
526.1890567043954
535.960920654242
555.7726619508145
560.0255744404213
562.1066913166136
571.1702380633825
