-4.562322741819003e-16
3.649919678732131
4.541708927063639
4.541710345018143
9.977865671934373
13.140166325802506
13.140166899248083
14.347942596745936
14.347944833710551
18.334376095229825
23.46916778013958
23.46917699692007
25.268370509076995
25.268379633842343
26.659203191242053
30.308638289774034
30.308638515902096
36.18056015973623
36.40673427448341
36.406741839515746
40.80365000780813
40.80365435083706
42.80690437037814
42.806917759702635
50.28479641253856
50.28480271065783
58.25612836347397
58.25612957173512
59.719276194836425
59.79781008929194
59.79785656319088
60.34531437464553
60.34532689000514
73.53480381616005
73.53480752142602
74.453406182876
74.45340931977867
82.25168494600283
82.25170502813197
85.13459598611207
85.13460613084338
89.75003035237079
89.75003167028467
90.44005208363929
91.79815846275065
91.79816630075653
100.28756787277177
100.28759715584604
108.11259442043743
108.11267158400348
