-7.37777894332936e-15
3.1474897469874192
3.1474904562767385
3.3845873285181107
8.321305037634641
8.321308346934043
9.018773203621553
16.026904539967347
16.02692301109757
19.36947688642842
19.416912401223158
19.416914969169646
26.128428335240635
26.128431349537212
30.14851235184232
30.148517619893425
38.568972197691835
38.56897268784553
46.69659716272969
46.69661336137351
53.21180198661382
53.2118053229021
66.19991993957505
66.19992367553219
68.07213997682534
69.85341413133705
69.85343048074067
70.56610755655201
70.56611634886201
79.34849575334478
79.34851255448864
86.670687377683
86.6706934357172
88.24425711071703
88.2442990539344
95.28453285860886
95.28458170962914
107.94732073990203
107.94733584704571
108.10111729858124
108.10119699188897
119.77897812833473
119.77898803598208
129.11518825522901
129.11519021647925
130.36498399723885
130.36499268353415
150.95814059898478
150.95829943112588
152.27956221425134
