2.77118605840343e-13
8.143510398737318
27.212582421194245
56.95082295763735
97.05900687890343
147.1412782526323
206.70768326410717
275.1785961147827
351.89002811623845
436.0949378324997
526.7792096218014
540.8695797309059
623.8197113972784
652.2152346335929
725.3327870727624
755.9120269018173
831.0978291111202
848.2752866137259
938.7024445318903
947.0956185846278
1036.715564494908
1050.100168660137
1132.6315295427278
1161.9033183475187
1224.2942668130245
1272.5296007172453
1319.4580878322047
1383.054383605259
1412.3120696781111
1489.356783251993
1507.0853847477597
1595.521225656605
1600.4492050111596
1687.4085982217123
1699.9616706490629
1787.624865892942
1791.450660706035
1870.467290415451
1885.2129314132517
1963.438706304289
1972.2973616903525
2032.3869086898371
2055.092187495487
2068.289717952657
2109.6049125837717
2152.4230075355463
2166.367869720761
2213.8711334478926
2229.8726344364395
2255.0013933631167
