2.8341912150509074e-14
3.1561741243456316
3.156174175633616
3.377938233749927
8.367605199574928
8.36760793785402
9.075697522211852
16.193864213892578
16.19386751218037
19.57775453571984
19.737691089998656
19.737691555213704
26.57181993295967
26.571826632103107
30.53099175908228
30.530995311918453
39.55552711385841
39.555543637298165
47.35783510154607
47.357838796954006
55.147983866717325
55.147994970045275
67.45915263194306
67.45915864417422
70.00379837306426
72.4946898725989
72.49469550011955
73.3087053322068
73.30872559267719
81.24506094609174
81.24508274290811
88.81808297879674
88.81809631720797
93.97107707169339
93.97113587989827
97.23302878401599
97.23303825376476
111.35272476888154
111.35273785447377
117.05123742903564
117.05125462661205
122.16362686392347
122.1636338756281
135.60805432433364
135.60807790146762
142.45179385286798
142.45185002216922
155.96194140731842
155.96196515936262
161.90473067327088
