-9.828943214884589e-15
2.257368313675313
7.396468314937887
8.197941580101658
8.852305693039076
11.030811685492928
13.452949580210952
18.589965679992165
19.24809973940306
22.458969161357512
27.340841470953944
27.825423677695
30.236291099165538
32.11168965362042
32.5988518987243
33.91622343086817
35.224446201481506
40.87584515301129
44.13090381614747
45.42537640357574
47.691473110692954
51.44118382951763
53.872727340203895
58.733048228987215
59.69070669652948
60.340326957779695
63.12150973058523
64.15380640656196
65.09044102023336
67.58803268597667
70.8223856247789
70.85501373974957
74.7402778696756
77.47217533758871
78.3493800297329
82.43224780680403
83.63956562291322
88.33209942072877
91.11216851776872
92.461967203704
94.14868750531426
99.2538070144409
102.14186739507934
104.21638963602207
104.3187157106881
105.5685159963237
105.71147808715547
111.08558623205276
111.66850481847659
113.42090118000392
