9.259953914764196e-15
2.4280733092397275
2.4280734650805846
5.75501602702859
7.0005244618076095
7.000525277448171
7.6339273034515545
9.315197200414737
9.315197432222599
13.530754460520344
13.53075502554535
16.903175826935957
16.903176115715098
16.941940639457094
16.941942024071704
22.014597798934158
22.01459983138882
24.016815322816413
24.537055352412153
26.62618743486307
26.626188571049223
29.47734558522479
29.477347191212743
30.15577383491271
30.155773922823286
32.411331794414544
32.41133257470611
35.27966222421644
35.27966225843663
38.20409184799594
38.20409191343274
42.52499935331615
42.52499948882305
44.27725763738538
44.277258254452924
44.67130198899582
44.671306308403
51.64494616675611
51.644946618957235
51.96393519801342
52.06678084663288
57.221039032467836
57.221039279707576
58.73583567541778
58.73583590792592
59.15245833124544
59.15246006593322
59.910675076432
59.910676419077
60.652610471846
