3.947536741932822e-14
3.702578293434244
3.702578864154755
4.161603258585612
9.892421432691018
10.424796840524639
10.424800312288777
13.193345869367896
13.193347806752705
18.750196309457518
19.731889174015766
19.731889661897263
20.411547454296333
20.411552794368184
23.82286752340929
27.059557686139364
27.0595608647109
31.55198177264264
31.55198889073886
34.17903907406716
34.17905088560611
39.43362170203025
39.433625438252925
45.04615639035556
45.046157239724664
45.98417853854506
45.98421106063889
46.39626948466786
56.72149878387292
56.721501884672165
59.45084356260039
59.4508514708933
63.08613516305159
63.08614583459204
64.63967178269502
64.63967481621944
70.44984029804897
70.4498471466405
79.71601618199205
82.87730622274944
82.8773587357378
82.94027413880437
82.94027420105161
86.68470235645798
86.68472034382816
90.46694109513898
90.46700745820182
98.20045285054665
98.20046318600933
105.35356149101382
