2.6664434549239502e-14
3.1493421921320572
3.149342192132104
3.375621355211406
8.357325790607918
8.357331228999058
9.011392479833864
16.180346510308176
16.18034651030821
19.36672741538694
19.441996963432395
19.44199696343249
26.55919658988584
26.55921411373531
30.200351692564656
30.200357697741417
39.5457464512475
39.54574645124757
46.909912243623815
46.909912243623936
55.13933257593831
55.13935423378018
66.78419130833494
66.78420517574256
68.08817169502171
70.57557236187063
70.57557236187068
73.2960009946687
73.29600099466877
79.35667856664377
79.35672555091361
87.89558191477227
87.8955819147723
93.94563589621669
93.94563897041786
95.42319148248579
95.42319148248602
110.23537060446013
110.2353845125285
117.00071976575904
117.0007197657591
120.44148878059292
120.44150371773327
134.3373191015312
134.33731910153125
142.36004311089826
142.36007497331786
154.12032396779622
154.12032396779637
160.49183139334937
