5.325601071248798e-16
3.608212713552241
3.6082136885586418
4.5253955672823025
9.986541203164776
9.986547050263539
10.486244088720188
13.20969944806099
13.20970014051011
18.388931629377602
18.59634656510375
18.59635520143681
20.869582847442697
20.869588291089734
26.24571127440205
26.2457218280971
26.771112051442415
29.204242412450903
29.204276973072087
33.56256477032809
33.562581450388976
41.711563815338586
41.71157348258645
43.46961024226335
43.46961830716127
44.567527231837026
44.567535192424124
51.17882442925785
51.17885640924333
54.12927285646072
55.92405109855244
55.924095991588274
63.7692855415877
63.76930100411672
63.91720306818277
63.9172263811535
71.54447612696208
71.54448315535994
76.04765351466014
76.04772656928155
79.24051956256129
79.24052676351965
84.25523097941264
84.25523342264363
87.00101634667004
87.00103349199084
88.14722421730328
88.14725980724609
93.40020561811231
104.99397699241578
