-4.6074255521944e-15
3.362321391549528
3.3623220773678653
4.606535795949652
9.016752523499832
9.016753499152976
9.904691589938157
11.77406759327159
11.774069950897148
14.867721407627528
16.1932047634422
16.193213197921757
16.68517797235905
16.68517801955889
16.856197392360556
23.4403164241024
23.44033361661143
24.929449021760295
24.92946418795607
26.278483943610823
26.27850756595528
35.49079586161714
35.49080157284384
42.27866838019782
42.27868086004445
43.852905168175
43.852913439493655
47.903210300114786
47.90321257959024
62.05770697361106
62.05773466200667
67.4109941435787
67.41103174379698
68.40711570379617
68.40714750369736
77.76587753555044
77.76597982276544
94.76978151872275
94.76978897081685
97.6652200486297
97.6653357248124
98.38561224467192
98.38573193286464
112.7210971634197
112.72132927053292
131.11608119645638
131.1161853954906
131.6286269786907
131.6287031723177
132.20127831399438
