2.6194324487249787e-16
2.395825449236077
2.395825449236084
6.514828599519697
7.024264291549309
7.024264702376931
8.209516874104763
9.742497456583555
9.742497456583589
13.540507316686517
13.540507316686531
16.117937086403828
16.117937086403845
17.304534200038844
17.30453610803013
21.95149821592836
21.95150086934375
27.114471945272598
27.114471945272697
27.41683381715838
27.8000342487434
30.03770857016478
30.0377097187904
32.18740082136598
32.1874008213661
32.488682367109355
32.48868236710943
35.115049996788045
35.1150499967881
38.77753975824028
38.77754265704795
43.75790422845851
43.75790422845857
44.15943072403084
44.1594332935207
45.888037307444975
45.888040630576874
52.212701248256245
52.212701248256295
57.762676464574135
57.76267646457417
58.8853343026044
58.88533959148964
59.44995991607085
59.449963080170626
61.27145745062267
61.336073228650974
63.07163129977296
63.071631299772996
66.8649005344954
