1.134422417115033e-13
7.662845002621693
25.565923729131953
43.55725108658318
53.80765309985747
68.44369051644294
90.39104728334058
94.73917091413732
120.17370155554923
138.14005113908203
146.62742682599665
163.28255911197576
180.38203929106
194.41252321851672
197.7420200946956
216.18940233136888
249.7283664016879
251.11213525045002
258.98456077845816
290.52079384220144
291.6346931037296
326.50125608387464
328.34432783408613
335.1055924365469
358.1332423524427
377.42679510123196
385.78300429503724
395.2086740243636
412.6819071490119
415.0136685748082
445.35679906734464
462.0911100882091
476.494337177051
495.39091704888864
501.81981268214923
508.61420228764234
531.2657586216407
550.0813004387577
563.4295193782906
582.5808620361578
591.0218249731773
604.3096137672943
612.9778027270597
634.9341224562833
648.1637778131683
657.2183113399823
671.9583145260452
682.9661852124779
695.2823729837545
714.006440193204
