-1.7433970933566911e-15
2.13390342904211
2.7106439842842347
2.71064398428424
5.468701060406003
6.4530342322711665
6.4530342322712
7.428616403676498
8.732144018045682
8.732145414100096
13.100022991658259
13.100026402259061
13.817613561076694
15.313674653867608
15.313674653867611
18.55245825070223
18.552458250702287
21.83231388241621
21.832317495762606
23.9919090267941
23.991909026794144
28.528767865003378
30.41582898989107
30.415828989891182
31.953298701977474
31.95330296178043
32.78248727756391
32.782487277564094
36.53095112063239
36.53095376811238
38.8391134900956
38.83912344156966
46.822474121662374
46.82247412166243
48.16734134694989
48.16735474662795
48.555050396080375
48.77457896395586
48.77457896395596
50.45103340937755
50.45103340937757
56.26828417462293
56.26828585521127
57.26121234399272
57.26121234399297
61.441860280127045
61.441871422002585
65.99793898665973
65.99793898665976
67.80242570999388
