-1.7964796317215814e-14
2.3601298555068415
8.997647576046623
19.45573410510078
32.90254205069085
48.28647474251943
64.44476923535153
80.21760979042297
89.11585398799471
89.11587101339855
94.54322396677398
106.51913769491442
113.58470557707876
113.584731351498
115.44814047518378
120.89749898654456
135.88038263657776
135.88040753714608
156.6273489185745
156.62736837203374
175.42754995831166
175.42759848293375
190.4945195964081
190.49455385065892
201.93554701457384
201.9355578278396
217.64957739028085
217.6495833156262
238.35755625141846
238.35757871103974
248.00305478824703
265.42293186807757
265.42298929229935
305.0053247809849
305.0053368854875
320.0419858805889
320.04208212428216
371.6355561528617
371.63580997417245
408.0763978121882
408.07670886877963
426.0020357733038
426.0021714326042
428.7254062206431
428.7254888277398
466.76040427956417
466.76043375592207
514.9981175218875
514.9981783591284
572.7179387168313
