-8.847089727481716e-17
2.4128947972323123
2.4128949219395937
6.128423973454234
7.008183244090079
7.008183748792417
7.917550325028021
9.516149219147968
9.516149676943018
13.527097710723512
13.527098168994375
16.544667742700938
16.54466855108681
17.12956573418782
17.12956633738276
21.96964808318243
21.969648830868994
25.773413341760342
26.224305863260298
26.886591008883787
26.886593922814008
29.864590505258004
29.86459105920548
31.346283916027378
31.346285854901073
32.280198039923135
32.28020106645231
35.02789860358641
35.02790005834978
38.516106568666984
38.516107131961
43.26013302810413
43.26013354763488
44.389531260157646
44.389535074073784
45.253368873490544
45.253370889999
51.96557023634637
51.9655742921887
57.020593062293244
57.10399015273849
58.215772030511765
58.215779493373134
58.21755303490268
58.21755478791212
60.45194996496106
60.451950591945
62.20436169288867
62.20436378831673
63.33458844285997
