1.3836154444391013e-14
3.1326143519531557
3.535284099175066
5.848763213516721
7.357862712492067
11.933318294700658
13.995050598405083
14.271172261892978
15.094428773346321
17.271281715240118
18.391510554225867
22.807364480698485
27.509707354675193
27.653350230836747
28.459506494899543
30.64356208142806
30.743469650589446
31.489464313990066
36.24212849196014
38.096062961549485
39.2459558942049
43.85988386417033
45.053269742829414
47.18386089902786
47.48695046847115
51.5760417977136
52.6662882759636
52.98530611744661
55.539957442347564
58.16853890348534
60.66821083397399
60.71908437505048
62.300262564444196
62.96755800533314
71.40837161203677
72.05785533403657
72.36897340826421
74.07010638956218
78.80360153408311
78.97586044763258
80.85124840602298
81.54107246889228
82.39830063845835
83.4114833411969
83.76864445270364
89.37041051132286
90.86137058989486
94.32348560763047
97.5792833823174
99.02801330391861
