-2.489328188026718e-15
2.6697785524607798
3.4195301597726138
4.096622694421326
7.625767934374354
9.4462196804323
9.818247471643769
11.357472816228993
12.631658008754338
16.551942008257868
16.670515102903792
18.167207401744964
19.388948190987282
21.435028992810775
24.618149692783817
25.472599903256064
27.38276552106859
28.023406169123675
29.328146549307746
31.075511185788827
33.73488656665739
33.95656460242335
34.86423079857228
41.27294429934624
42.554791428593575
42.80214482961068
42.80574504545472
42.96383332614522
43.51013757672165
47.47393077219485
50.500663507987
51.47274044613784
51.4945064189131
52.96605003571438
56.48494413702989
58.80290065201598
58.99286747361179
61.799961402527906
64.39950258706061
64.99963307600214
65.2534289769097
65.64700776304868
66.47329963995166
72.00745761684945
72.08799591492534
74.41871785923165
74.43082218982322
75.69781020480673
78.15426658595187
78.18276516005815
