9.05699126807491e-15
7.159349677172404
18.486810631604953
24.751752099785612
35.090162271190515
46.88873689676762
53.232695205696935
68.6755270667476
70.46153128326527
83.52646730114346
91.82198416206163
95.18844678684353
114.58121564603333
116.55026399529802
129.14238784993384
141.76942847488476
150.58749178153843
154.0497030596182
166.43534299497404
176.06889111217302
178.40224113011695
186.98577052361037
206.85071813411838
211.5267835476397
218.50960095429386
230.06845369521156
240.10065921573047
252.7519379890587
257.52642072304127
262.2192657044978
280.7154401600151
286.34539861687074
295.7102048464933
299.75430088988793
302.0075165796841
318.0536006638296
322.6063429968111
335.8846537743005
350.7198907692943
357.74599229075636
375.1921523935299
376.27195145639075
380.9947210119992
396.576495078622
398.7122118076524
406.68398657382454
411.95471554836075
428.07164658741095
443.11565021994517
446.99651774114506
