-1.6417422976644502e-14
3.753804675063884
3.753805367683464
4.371456222510175
10.276760610685974
10.527847289899928
10.527850542374104
13.506537244999459
13.506538133531647
19.036632463166615
19.86897270621588
19.86897866474417
20.958952408688752
20.958954466843775
25.117353955985443
27.556754698811922
27.55675945351791
31.690489800778455
31.690511767026795
34.69893883009455
34.69894700273315
41.42440501349
41.42440823414801
46.07867196211858
46.07867348999238
46.103269127626916
46.10327299054045
49.506840802551594
56.70774293339097
56.7077516453994
61.901798907810836
61.90180529621713
63.07217991626874
63.072197110933104
66.0065745509503
66.00659059144893
74.26983058771346
74.26983673450017
82.6659689131647
82.66598188241063
84.81990124638952
85.79528338343553
85.79528995362489
88.20978379077931
88.20978454388266
89.88800074421121
89.8880150577852
102.60003271465229
102.60003925403073
104.82619218365619
