2.444398849998919e-14
3.3998340185095417
3.399834094611615
5.099193006867789
9.250485717093122
9.250488855070465
12.28366545287113
12.691677331877646
12.691678845947889
16.572341425594985
17.100217095310423
17.10022093397791
23.587904361693436
23.587904685951553
24.365541466878252
24.36555387688556
26.860400608225188
26.860407383424466
36.39447733344525
36.3944840775764
38.48858035120148
38.63054795294222
38.63057901055292
43.41149474487897
43.411494933240135
52.19592505362552
52.19593122226583
52.45347908366931
52.45350978176394
57.52224505473615
57.52224508644313
67.33640045913342
67.33640571987809
68.32514773422695
68.32516423646345
73.23501578981354
73.23501884611753
79.54976775673714
79.54977881334891
82.18368503115188
86.21287010796047
86.21292504965217
89.08062959559881
89.08065096038904
104.36234214735902
104.36235063451178
105.98235150646771
105.98237631473935
106.06444990352998
106.06447897760981
