-3.880923360455313e-14
2.758045608397315
9.176952561772477
15.034761974309317
15.034762576608637
19.002369512731775
29.760820607868382
29.760823763925465
31.632438079621295
46.07997467761114
47.90480695897325
47.90481326524342
48.00476538467501
48.00476704977687
62.58114118414682
69.26633666729624
69.26634122044376
76.0691702341573
76.06917747444585
82.92267156703
91.41391089084395
91.41392530029158
96.60452750506262
96.60453216567369
106.754541634507
107.30952316501816
107.30952379356327
111.92179631765232
111.92182790270935
124.41931909482396
137.16950597873688
137.16952184973596
139.1045069770827
139.10451092738592
141.59131509552302
141.59131574542067
142.13467522842288
159.89411516542137
159.89417637346608
169.63386172360458
169.6338798447616
173.9205513602955
175.67522811688366
175.67523722171515
183.98235081586375
183.98235504673895
198.23685771789442
198.23690167345404
207.12435944011614
207.1243741972543
