9.895903541057294e-14
3.424116715572675
3.4241177198604618
4.752396478958442
9.427478717783373
9.427479349029387
11.03223518461789
12.759511544209158
12.75951389556107
16.87088039654582
17.582928442055508
17.58293270518146
21.4390403325257
21.43904394293894
25.193597717822993
25.19360135909857
27.82156695272305
27.82156835700337
31.214298166148932
33.90755129163828
33.90755284158807
40.25386147967048
40.25387402181008
44.521052394798005
44.52105571746254
48.71152236936176
48.711529788727525
50.56231686783526
50.56231871535048
54.9434822583352
54.943503932595625
64.96944114801951
64.96944193543955
65.28509325957316
69.43358099190054
69.43358168782153
71.91498946829188
71.91499168620345
77.11898940894713
77.11899379318338
85.80387106605616
85.80387903633252
91.17029568151948
91.17031395779789
91.50585850362569
91.50587127788424
93.10982335510856
93.10983049299814
108.78519220005991
108.78520792141607
