1.3742479376688266e-14
3.6021752520553716
3.6021755236663635
4.704249964304784
9.96994700889204
9.969947986768252
10.848389507486132
13.306649835595591
13.306650548319022
18.064506828866005
18.631385062370928
18.63138665858625
21.397390577078287
21.39739356767776
26.526279694885716
26.526280062237063
28.829183014424014
29.463814174096314
29.46384170810792
34.30291829333044
34.30291889421422
42.51152162566
42.51154086584349
45.80420557127023
45.80420780794799
46.1804893124448
46.18049251936535
52.494625437491955
52.494637850486036
57.756560482319024
57.75657252641654
59.23754969547145
65.87235038042095
65.87237451881106
67.06417530472325
67.06417587776544
75.12392704099447
75.12393753443602
80.56627768073783
80.56628872357537
85.2637951874458
85.26379544266325
87.14865817157064
87.14866795702537
91.04198230938462
91.04198759864093
94.49704757805422
94.49705275988956
102.8577842866747
110.53651881350416
