2.6648475093260515e-13
2.8028766886224825
6.438641257537353
8.884427698875168
9.582212371557016
11.154311998616912
16.9137144739174
18.220228837895384
24.715591302420705
25.54950210704564
27.439699721559116
29.62723165393381
30.26020019970668
32.375940410975886
35.35416569282266
37.633855550335916
44.562272193899936
48.53521702738516
48.8537066483628
51.370817383754364
51.87879017255911
57.29509769716661
58.29396590008405
61.485347134333075
66.06942938630725
66.94416446667249
68.56873793217436
71.21647028007125
71.24321885828628
72.55868237483838
75.62721000800896
79.08531120709229
86.88975283394991
90.47856628736578
94.82136534374648
97.15840116381746
97.16115406359054
100.13413338137322
100.58443915899547
101.29507620808265
101.38582471804796
107.17695502980166
108.89326569462715
111.26103138519608
114.80383900979362
119.08601621058965
120.60559482778257
121.79739939509402
125.66084093375072
127.04962597997407
