1.2880842226170586e-13
3.396220442483872
3.396220595263763
4.273236849062956
9.455441261748444
9.455441492614161
9.874782662937882
12.45580260241792
12.455802779473773
17.072066223697178
17.76712278231516
17.767133577256388
19.685707905179967
19.685708590304557
25.14855430779262
25.148554603344955
25.409652206409895
28.264317410334606
28.26432892313171
31.931350350117714
31.931352804704062
41.04684809083636
41.046881194391965
41.17487793112372
41.17487796101918
42.90090567411931
42.90091178676535
50.51625734308409
50.51625793864244
51.36967956811137
56.17272130423226
56.1727567646288
60.35464856363646
60.35464871123173
61.37891740882762
61.37892357001065
73.66322784732905
73.66324742330829
74.94764995493894
74.94765020080963
79.71488892119238
79.71489856763654
81.62451837467741
81.62453896247416
82.53774920329023
82.53776237992368
88.23495998003828
93.5176016340933
93.51767895087052
101.58461639551923
