3.767819389821625e-15
2.132319763631785
2.132319763631799
7.1347185467262415
7.134718812523902
10.317125119148775
11.491680476030796
12.659036250335086
12.65903625033509
13.97460714492908
13.974607144929115
15.394744326272816
15.39474432627284
19.23532528119361
19.235325505290376
22.67591598941118
22.675918753541644
27.260409068038275
27.26041263085144
29.052755944738475
29.052755944738504
33.26615004922583
33.26615004922584
41.268969850490656
41.2689704550181
42.19556235847854
42.31183636434496
44.12412177372669
44.12412177372672
45.09688887910339
45.09688887910344
45.41427044998192
45.41427044998203
45.711879336183905
45.711889766666914
53.79696508401119
53.79696853947956
55.4136692946717
55.413675551811565
55.4741328508912
55.47413285089149
59.9580310384614
59.95803103846153
61.997153555367376
61.997155497062536
67.98592311929069
67.98592311929097
71.5158681878237
71.51587065347142
74.47795812984555
