6.876270386424466e-14
1.4226312421604508
4.7541902089922
9.946709925380537
16.933256090332726
17.126559745469034
17.126559745469073
25.60335524234051
28.698617599456384
28.698617599456515
35.78018696133415
41.85321749138055
41.853217491380576
47.2122427815845
56.685961818180374
56.68596181818049
57.17794832611919
57.17795832839893
59.67721485137754
73.10425815575361
73.10425815575373
73.25760695146032
80.49530429324999
80.49530790749974
88.34394359549918
90.86055401698444
90.86055401698461
104.43236788169192
104.43237213435508
105.15107064404145
109.41286735096148
109.41286735096182
118.44612305353893
118.4461230535394
123.48997259363317
127.81670506448295
127.8167050644832
129.59345759820468
129.5934708263178
142.53656404305195
146.0427178061314
146.04271780613155
154.4861575923148
154.48615759231495
156.05649682546462
156.05650161394138
158.32546475335792
166.2584744092968
166.25847440929692
171.52128255707356
