4.2483377926672006e-15
2.988508804375779
3.285181643013024
3.2851825651493747
5.88131234488648
9.59033936835459
9.590340367139607
10.051314535995344
10.05131629062247
14.153961107456901
19.404715814468936
19.404717177153632
20.254463645511148
20.254464052996088
22.966033152994726
22.966036212994005
23.14530999570397
32.75204325786167
32.752046244079395
34.157794574572456
34.157796349700426
35.03054447355452
35.03054513099147
41.766820872883414
44.47236923513056
44.47237198102037
49.58452587725433
49.584538659430685
51.254868167721405
51.25487102410863
53.380095232526486
53.3800958892459
55.72782183941259
55.72782373622702
69.80594165200559
69.80595424000873
70.81040535897422
71.55887817955248
71.55889103722457
73.82732438374465
73.82732751149732
74.7436540901768
74.74366148049369
75.89922660475065
75.89923069773336
83.92589168471939
83.92590210059
93.2840496692863
93.28407285134824
94.96872368506682
