5.527312982311905e-12
3.978352380993009
13.278821344963868
27.741420662510645
47.16807290836891
71.29858199795093
99.81516825008698
132.34896230637685
144.04247166275658
144.042476404873
168.48859411284863
204.33080391222381
204.33080901892325
207.78934025954982
249.78270477766657
265.51495166397774
265.5149557243073
293.988291487466
328.8668997367525
328.86690209290305
339.917082721036
387.0770738447673
394.34317918713396
394.34318770561345
434.9730831465837
461.50888791365696
461.50889555534724
483.10448759387725
505.8411085008354
505.8411436420469
529.7567179605302
529.7567228239928
530.9615026480648
578.0272529160864
598.3790775679813
598.3790939242866
623.776563782418
633.5278707830909
633.5279075828954
666.619517010947
666.6195189300043
667.6857855853846
709.2357503851008
733.648587491687
733.64859266199
747.9245230244387
750.894181298195
750.894208867975
783.2719640448247
798.5798091612169
