-3.2959746043559335e-15
3.033667102090756
3.0336671020907584
3.3405309500258156
7.435205621398556
8.220858256011319
8.220863262954305
14.289525470838898
14.289525470838937
15.960693790359349
15.96069379035937
16.40797484235357
24.31959301837629
24.31959807106605
26.087566651548748
26.08758668100305
38.375649482152255
38.375649482152305
38.53477984828773
38.53477984828778
41.0807754426037
43.41566911499642
43.415669114996525
52.48815358313809
52.488183351046175
53.07297450306411
53.07298849061246
54.492571039080474
54.49259249507688
68.0141237496713
68.0141237496714
70.40824659508655
70.40824659508655
71.70339889720209
71.70339889720215
84.49283365612291
84.492888760929
90.17826681241263
90.17833769679291
94.3857523379789
94.38580700795751
100.60135908758478
101.4323055454263
101.4323055454264
103.06510077789461
103.0651007778948
109.6671831066533
109.66718310665348
110.96081854118528
110.96083967307818
