1.7642137750684128e-15
2.2603496173372912
2.2603498118753977
7.137101556436816
7.137102104312796
8.608483315449268
9.927780185535092
11.232158572709482
11.232159279218116
13.823012758780742
13.82301281763398
14.952729120157013
14.952729823258558
18.26381527992056
18.263816814915906
22.39967759777203
22.39967945609127
28.21246879174714
28.21246941926385
28.71128427808064
28.711285368504736
32.84531486901687
32.845315742336034
35.33973295194771
35.51397562783398
38.824777221248475
38.82478015278396
39.46583165259071
39.46583325035022
40.25259176120861
40.252592075904865
44.6959142756569
44.695918204986405
45.09768512946005
45.097685352898836
49.09894605032693
49.098949216840275
53.12460173631503
53.12460245288972
54.1392798958514
54.13928494186267
59.07900879190677
59.07902588674504
60.995104401344676
60.99511019825759
64.96420436105713
64.96421190340064
69.78249804377997
69.7825009274648
74.6993910817558
