9.23046361567259e-15
3.071649844346492
6.771348752510958
9.769370275871578
9.965403904342477
11.821895215631894
18.591231239141642
18.81527177205851
24.919876341057776
26.077676682924675
29.39132977317827
29.53949804045633
32.062034112723175
32.24512375557211
38.160459964576006
38.23929050947422
40.736413667477386
47.73050718707894
49.0862760637269
51.43941033392588
51.858801963861424
55.239701759714116
56.67102370048304
58.733282242646155
60.13449676996941
63.99673791052542
66.85748667380149
67.05931211837205
67.72361485935691
68.68546714813307
68.944664132908
71.04553913064947
78.1960535841059
80.91269919501714
81.7888197933828
82.57907135179133
82.80716248787022
83.27190266739063
86.45601240935218
88.99004440591162
89.17360998770542
90.29736244742949
94.0363864346561
94.48909116381886
95.52334664645666
96.85651806761699
97.15409511108784
98.73173014382279
99.41761436714565
102.38885476366495
