6.106226635438361e-16
2.245024227673099
2.2450245426778515
2.7094294267407943
4.073407088774401
6.31137368582179
6.311374986018324
11.09466903705828
12.07073792400726
12.070738742984352
13.027869706185543
13.027871971818826
16.509806656286106
16.509809011399266
22.302877389616903
22.30288213573295
23.873488289715677
23.87349209091902
34.00811438959417
34.00812416494477
34.109523363853796
34.109531307760726
47.14452453621635
47.1445402453294
47.98116627280222
47.98116690298993
57.39613504049787
58.605665577534346
58.605666628990974
62.32715617128638
62.327158065448884
62.88374286320672
62.8837457708559
64.03217409083346
64.03218653384828
68.54089121292135
68.54089365408136
77.26450344994969
77.26450819285067
81.21068304061009
81.21070564917738
81.95621678161007
81.9562386460777
88.52318035427801
88.52319043516557
101.55009214716266
101.55009954360808
101.98677691848107
101.9868091253079
102.3476687815554
