3.439783180514411e-14
1.9999611573100908
2.0003881437041344
2.0003908600987037
5.996470374421598
5.998629434182187
5.9986608056585276
6.000194743032872
6.000204417528248
11.982978622054572
11.989721789541298
11.98992125527878
11.994245547787523
11.994341541564712
11.996145474122256
11.996219374756622
19.950205022472993
19.96589221592193
19.965986221414955
19.974941419206075
19.974990669803724
19.981807470946467
19.98295542109402
19.983668353452888
19.984136291658515
29.88580146655169
29.915599845482724
29.916439542841815
29.93162159026914
29.932192626561427
29.94928024956509
29.949937652636148
29.95195877299673
29.952627704807593
29.95965341899068
29.960863861321588
41.77480049415099
41.82589737673374
41.82654715744043
41.85141138045239
41.85149405758506
41.885205231338226
41.88742871121775
41.8888870373355
41.889260557116685
41.91074754443498
41.91141298284796
41.91278595030603
41.91473550489148
55.599792146516585
