3.221901911931724e-14
3.241427462460868
9.588960061405473
9.58896049068522
10.592382847193141
20.8497468995862
22.408651557379873
22.408654974759113
29.48280606683037
29.48282775624806
32.573379901766174
39.08632648370878
39.08632877324477
48.25132282623722
52.99852372847168
52.998541987638646
55.75020723552358
55.750216290052116
58.559717800943346
58.55974916200599
66.17143362902297
71.99721595323643
71.99722841313827
75.47443268195313
80.67585969415754
80.67588512391318
93.42636527361114
93.42638611368766
96.38162569774812
96.38176886731732
97.55834987358617
97.55835048276482
100.33456267906152
105.76695753079942
105.76700002656634
122.42918977117041
122.42920881922826
130.35837442523328
130.35837685411778
132.82030028911745
132.82031635374105
133.0482636358917
142.73092032667358
142.73107004149912
142.90173626960907
142.90183853495665
157.68169029403322
157.6817101993969
168.68229064599697
168.68229168049004
