-1.8509499488672532e-14
6.293031629821535
11.78269017684812
23.631033282675403
28.301701659634272
30.898246647990376
46.74801081033259
52.266138712154344
58.08226334100616
60.52653587746578
72.61846651655169
78.51471154011008
92.21569805296431
98.3060486387
100.49213892240667
104.23291346086454
115.63094438935602
120.20675251911625
138.0701854178912
141.65524296961814
148.76333393305455
149.53207232797814
154.05271904806878
167.27728650607082
169.59800519341564
182.84973838757642
194.98853266296493
202.06824946228022
203.4493020233226
210.81411887332706
214.7933243886726
223.92204867492134
229.8688931850873
234.10823497179436
240.22452156561897
257.8126212772758
261.80716653839187
271.01476629260696
281.165950802258
282.2321224004871
290.53275805633825
295.4170010646635
301.6494699015887
302.94453294225923
308.415127651042
329.08951978566853
331.15527205945637
336.469012254354
350.1536439913208
350.7180489865388
