2.765565554341265e-13
3.4225113479241656
3.422511538992997
5.003689331094979
9.357197775769187
9.357199146973224
11.864585612800262
12.785775306350068
12.785776331594864
16.681417721351682
17.368513351078732
17.368517844589757
22.81832718663433
22.81832759294437
24.847650065475463
24.84765058590849
27.389284096878523
27.38929229703334
35.530503155525835
35.5305070241003
35.74450307884694
39.54148203532615
39.54150581484604
44.39323762815915
44.39324284993742
51.586842345133434
51.586845559131696
53.89822696263547
53.89823122296967
54.253212003813864
54.25321307079827
67.03022359453848
67.03023370752219
70.49318333382719
70.49324627196303
75.3696129270838
75.36963403622889
75.66107918769507
75.83452758405207
75.83453242171892
88.32231287561204
88.32232578453136
89.3385452453569
89.33855013614075
100.2869695522843
100.28697914441844
103.3962269289565
103.39623004783522
110.43357349919584
110.43363645833193
