4.125571412272322e-13
2.5270261912838814
8.407109009821369
17.458091602542016
19.881240294329565
19.881240294329587
29.37964734134428
36.137856116297826
36.137856116297876
43.67321868571264
55.299265957777564
55.29926595777761
59.697827250783654
65.0308542525415
65.03088207602478
77.19090785738453
77.19090785738494
77.24162280033502
96.80599155297105
96.80601057696632
96.96788978742265
101.20225877773257
101.20225877773264
119.30266358172187
125.97755744607818
125.9775574460783
130.22845541226576
130.22848623082433
133.66594433551603
133.6659443355161
143.5450861828458
149.73816015623095
149.73816015623143
165.6770057701794
165.6770066224032
166.02594791367846
174.48019065001134
174.48019065001154
181.3828913281934
181.9951048721491
181.99510487214934
202.75716133594236
202.75718967911249
203.46744838754805
203.46744838754816
204.90685388431234
225.36489786317424
225.3650494146814
230.09925601685148
230.0992560168517
