-1.9359513991901167e-15
7.035708647782843
18.79956791760385
23.499969047176887
35.42463740501673
43.79523923030622
49.12290002622118
67.64058458235465
68.28641198873494
70.24853528539849
84.41684924742151
91.39466734248758
96.7434870313455
104.34833777349365
108.56199836596373
117.44682644050597
120.6610136002484
137.5253486649312
139.98166199518735
140.93681918766364
142.59179447977982
145.06874002855608
151.29649068737027
159.5100497730229
164.890455892337
170.00043618153208
171.8376748215334
183.6274425671734
185.15700615819537
192.13564944744354
196.19088308413131
227.82307121396653
230.37991235287512
232.2839313213688
235.0775829182756
238.73187758943138
243.67494273788594
245.73791362180887
249.25461017987863
266.66454087401587
268.608469627943
286.40385887292524
292.07848115442596
311.7998484739158
315.1538614864785
319.62014433192564
323.6565617956252
333.50198703104996
336.2275547078289
350.6145750729285
