-6.5503158452884236e-15
3.79600851079778
4.090508335755732
4.090510005145686
9.75706046924234
11.699549757018312
11.699551543405189
13.645636826549229
13.645640729291054
18.724467119919016
21.565264664803127
21.565277538684335
22.344766957302294
22.344770346438608
23.945504570726143
28.42155152711209
28.421553685649453
35.91857369410758
35.91859113633728
36.45343639483058
36.45344688443725
37.96925525549001
37.96926383740732
38.76615011219861
46.894522577358565
46.894525779084795
52.47999951413533
52.480024958045945
56.99636740804953
56.996369395745354
62.40571587467998
62.40572829302121
65.2209155568105
65.22096439603474
65.27254942495892
67.97200465944049
67.97201652883605
72.03919854556614
72.03920855520148
81.61562029881296
81.61562563072283
90.39062830572992
90.39063323002372
92.03164456002803
92.03166341946599
94.55732142235837
94.55735553443871
96.48083551987597
96.48084289061114
99.54010270182968
