6.2901073238919025e-15
3.6905639019322636
3.690563901932281
4.494650831315155
10.291857042414591
10.291860078901994
10.455633999847734
13.434054303381798
13.43405430338186
18.713913804991805
19.33094303445457
19.33094303445462
21.028324194366267
21.028324194366295
26.289437795385542
27.15896103487512
27.158989479164575
30.685992671900742
30.68601898708155
34.311289765038545
34.311325588212384
43.00966420827583
43.009664208276
44.39927649746891
44.39927649746892
45.91878707054166
45.91878707054176
52.8304840366517
54.51355290216684
54.513552902167014
60.453030603801814
60.45304735102504
63.608060437339326
63.608069884669696
65.68324578995082
65.68325723331691
78.05990654123414
78.0599065412342
78.77342696875905
78.77342696875905
85.0057786948743
85.0059087805893
87.33299111199719
87.33299111199723
87.46713092208577
87.4671309220859
91.14589930560246
99.24528576192309
99.2453173499252
106.76988594764344
