5.546188508454009e-13
2.8140582111092356
11.148110665509897
16.29543981144896
19.107595246594766
19.119358958879943
24.681965845073076
27.445410687710737
27.457626601882737
40.99821969125964
41.006059666104015
42.895717865135325
59.22098919168842
59.296238338910044
64.55631350669908
65.0889824170907
67.40558530380109
67.45328938900842
75.74261528235535
75.7910978743055
81.42588805319079
81.6463108898024
89.28283154883461
89.3517057282816
90.41304938077563
106.76051177554928
107.2306708489934
107.5049970169195
107.64185966351938
117.89258110542241
129.70931626235546
129.99188440929737
134.25133281427975
135.0954734187701
142.9317952361516
145.8199417891954
146.24503013806347
146.4759362492261
154.15475252528265
154.58279616281376
155.04358413375223
155.57620046782458
162.8519863070021
164.1898009360676
167.6960614780418
168.14335146835927
175.06982778355103
182.53506822268048
183.44097128143227
185.91776308287476
