8.451572774959004e-15
3.4209696550044897
3.4209705121363676
4.999465503628166
9.353136152786893
9.353137583600263
11.850350783656436
12.779464139493411
12.779465989351884
16.674163914806183
17.360810559614155
17.36081387295896
22.789933097005438
22.789936467906234
24.836353797984064
24.836353977670857
27.376323935930763
27.376329278574676
35.48616260497774
35.48616564848525
35.64928064417367
39.520937957162964
39.520938346736315
44.36426560283927
44.364267627776314
51.52738713948302
51.5273897961191
53.86691094756553
53.866940200030726
54.1208237374515
54.120830839059636
66.94462352520816
66.94462691136137
70.4470395775428
70.44707446696171
75.31633513456899
75.31633764025376
75.35194718862179
75.64970919221581
75.64971371081536
88.19814517346882
88.19814674148351
89.27226542154713
89.27237843194322
100.03915746550854
100.03916245995907
103.00296173704125
103.00297408090289
110.34079535257884
110.34086339998356
