-1.0097825353660994e-14
6.023842089754278
8.615407324126881
14.802296605230701
20.316322044019593
25.0276382961309
30.187384339361248
37.47766290171904
39.51506913567195
42.36699409072856
49.582251649139714
56.60034021707759
62.59523635476707
67.633325580932
71.53882522548616
73.0438114927462
79.05931700618953
84.6947624998776
87.04761229857617
97.19547772795994
104.42769436738772
107.29130334988619
110.68503496493179
114.17613536877077
119.04962056473987
126.21248593072791
129.02710402687734
136.05373127760686
140.79804704914162
145.88878731508788
149.2759216078477
157.51708954063798
161.6991717165497
164.5759302530567
165.925817043184
174.71749885065515
179.27540082353224
190.14410745069503
192.00868164982055
193.40028766958815
197.3101952791319
202.0627534024847
209.5213630024124
217.8076155591171
218.67176160061146
225.30438755581852
228.07688717331055
232.21317370308262
235.3964958129757
245.85704052656982
