6.265300778185434e-14
6.238647884970526
9.396422235785709
15.272393882340424
20.785568972085276
27.663865085334024
30.91568663013614
39.06919839412524
42.52724879277755
43.63311825760631
54.17837581399868
58.099485225058174
66.37091750523405
68.86621556975257
73.7263568568784
78.65228717646279
81.73874944750098
90.77068162745141
96.95073554543656
98.85853181262908
106.39585489318458
112.9967996390516
115.53934044273146
122.5554398752793
125.47159152093136
133.45409231767047
135.77497204045773
141.3917746867044
148.7428442267231
151.35205191155436
156.68208323688427
161.5872225548487
170.5722713688698
177.0449907550374
180.64672899366565
184.22181303407183
186.18653247823184
194.44890711910952
201.40754927443575
204.73803802700482
208.08995421744925
211.6421576157506
217.48221650467974
225.76773068081133
232.40307939097005
237.50107932404174
243.57308733201097
248.35714839658954
250.8841019397496
254.15409000889835
