-1.5491080640472887e-15
2.2494590116378372
2.249459727418346
2.7088225384623517
4.074179023578886
6.316444828424104
6.316447359598174
11.010642871459162
11.982360516360021
11.982362326454432
13.037491052266624
13.03749366320908
16.39643562805805
16.39644010127813
22.325310775223844
22.325311154232946
23.722185254614217
23.7221893340608
33.912810072306726
33.912810314246514
34.055853613042466
34.0558633282761
46.902270312953625
46.90228580802193
48.06903681596637
48.06904237559231
53.169336253925444
54.3569474163457
54.35694935573166
58.00757446713519
58.00757752518792
62.60471168635742
62.604722528343466
64.10377624915368
64.10377862811833
64.1737353965175
64.17375710922896
72.66488740340304
72.66488778756906
80.91343347421414
80.9134727866189
82.15979860383638
82.15980005615515
83.72023144669065
83.7202403325104
97.30884668024676
97.3088524991838
101.69957321284753
101.69959515142591
101.81678507478789
