3.6463887465032485e-15
3.1262188791355143
3.1262188791355277
3.516878510233886
7.993087367740188
8.471896895722532
8.471903609123522
9.689468682257528
9.689468682257553
10.360927777199919
14.916041282948388
14.916041282948424
15.36137674194962
15.361376741949648
16.08264884314944
21.25223705141207
21.252245590584014
24.069076615668784
24.06907795477638
25.339458844482174
25.339469177029457
34.85134969695574
34.85134969695575
40.5806847386528
40.58068473865286
44.1144140913694
44.11441409136948
47.76477987463921
47.7648235753101
62.78056502648151
62.78056502648175
67.26732915099173
67.2674067113308
70.5449366905256
70.54502077088954
79.82928572555542
79.82943171548669
98.81639548887597
98.81639548887622
100.71573676042425
100.71573676042428
103.83357094414612
103.83357094414636
119.62611449433601
119.62618735887901
140.2176491428881
140.2178280182643
142.1230442187542
142.12304421875436
143.20696225253468
