2.607809801435934e-14
3.561500739706291
3.850362258533614
3.8503622650167024
9.131297630906566
11.016351999227213
11.016354254817005
12.745635163469792
12.745635840669554
17.20557347159977
20.22092612912293
20.220927312938684
21.059596699541743
21.05959878814923
22.30988292837487
26.420765118031607
26.420765926960158
33.135248770940066
33.13524938304101
33.90809917180657
33.908115057582194
34.0405798006478
35.72865891548016
35.7286591585453
43.34161218197339
43.34161390896981
49.660702418969606
49.660717406587196
51.295124613880596
51.29512909835666
54.20953807403179
54.334200221095706
54.33420460033955
61.78781297075898
61.78781530775658
62.62866097700365
62.62866911295534
68.38265382873024
68.38267182562643
72.99971831540925
72.99972758477166
77.29478892701066
77.63495774496647
77.63496575137938
79.39679911521952
79.39680641454648
84.66206175043551
84.66207397179356
90.10525641858057
90.10526114630373
