1.2665216098106669e-14
3.7096529995757765
3.7096538280516493
4.33551722001569
10.180381260912702
10.397634745639312
10.397635337185353
13.354483890958141
13.354485861042301
18.80443729337798
19.612286773648645
19.612286832089705
20.732644624292227
20.732648745816416
24.864946272685017
27.213915691926545
27.21391958015279
31.263001505253694
31.26300503552467
34.26708479516755
34.26708992510383
40.95236359086764
40.952369189490845
45.42949003966272
45.42949882519174
45.52066417445703
45.52066948195387
48.83344551140245
55.88218110501956
55.882225547384444
61.09030345488323
61.090304014476935
62.142935178123395
62.14295910894457
65.12363919530168
65.12364015471181
73.15266027148621
73.15267133520686
81.38966408571508
81.38970710901458
83.17481035794329
84.55234764792812
84.5523498930655
86.95403328538806
86.95404103371966
88.43981055746522
88.43981608573243
100.86231363385183
100.8623160095401
103.12601357918867
