-1.2699910567626205e-14
6.27419884713961
9.692552388105117
15.402352226614962
20.691329712425613
28.63967020532021
30.69244096526328
39.29686508147996
42.43461574192873
44.16101023728884
56.15073665914441
56.39633013356304
67.27801841939515
67.5520182109003
72.1342457548033
79.93880434491535
80.45124342976352
90.53637684734741
96.7475725438294
99.76237369705666
103.18330095757354
108.19121111204004
115.3372276178765
122.42634823042019
123.76790946710781
131.04021552659546
134.04415253982148
134.78098569080447
144.97407909845003
150.07858155596753
151.9408409119659
152.55946959262727
167.6618241168062
174.58398943794904
176.7967709178996
178.06080622114933
180.6104040405068
182.79382629182908
192.24469641676555
196.21596043747954
199.98693008394602
205.35221249474495
209.45303455690382
214.93883804886522
221.7466763716078
221.92429095028976
228.87229139283738
234.0227893115927
241.14217541209862
243.70263843217037
