-7.121560285927586e-14
5.692707310983406
8.728755308998712
16.915339694175977
19.85478482619398
24.329720649591582
33.66435396259085
40.00714864548153
40.34817364907127
41.43430161339046
50.005953794567276
58.00627116147455
68.19224464032298
70.05236882090635
74.29372093966806
75.93496613453566
81.56433136278757
81.62839849675913
92.708731832655
104.67118021235623
108.97775094959201
110.43210385792158
111.74699730878636
116.4673337647818
125.05633413098197
127.91051481896355
137.35010372802262
139.208424253623
145.12546262581367
154.35183685167203
154.95144649820608
158.8665366075724
164.45195791540007
170.6823858612538
173.02877197904377
176.47444775201194
188.3673666241243
195.87656554023425
206.10449528744934
206.49135107662013
207.73047835833054
209.09374559943993
214.98332468940555
217.14332911663558
220.19406880943947
225.5356174619599
234.55768558275915
241.3430955686799
250.74162975829142
251.02890689803925
