1.7185905476502228e-14
6.688577014696647
13.837361276758012
21.32958298367703
22.387434616404438
36.99876455596009
43.915129902888225
45.268490758906225
51.67753195792158
59.738944028817066
70.00347093246425
74.8008050570304
80.68352997584482
84.42579676839131
97.52132814433016
105.60257390278133
108.07738921896001
111.87532662705524
115.70926197594508
123.46685223842366
133.0885192231009
137.39441341723074
152.3216943061955
154.00657603317825
160.19341089377644
167.36795561070804
169.33467728455423
175.10102783632826
177.93669901559608
189.06433970776678
201.41851439532363
203.62748539449768
206.20674368676424
208.76774669494083
219.77488999391005
222.5045674004974
231.7424228921537
244.086058565167
247.67360075047523
254.45915393851868
255.26026031712357
262.59979886701524
263.71046663983157
270.8327763712994
274.61527813643613
282.2695202664814
289.027436407926
290.5245331558534
297.322643363468
309.87936399335274
