3.386145530637208e-13
2.9451664131936237
9.632987226380965
9.71542465520128
9.715426141790074
19.170905139033636
21.92288603845756
21.922887940595025
30.135483509071488
30.156200047826907
30.156201238273525
37.59039986086166
37.59040335135173
43.591987739375796
52.63271149586583
52.63271274546684
54.22739808348516
54.22740007255024
60.35242219939142
60.352424138095856
60.75853961113099
69.10985539485158
69.10985710901589
72.52028972565216
78.48959275536129
78.48959433133409
86.89626873690791
89.9422275722376
89.94223349160542
93.64771403259091
93.6477186089309
100.10397815669117
100.10400298760756
104.9294828442795
104.92949436209204
111.93291358098148
117.02780879284438
117.02781939646708
120.66892559345332
120.66894050403744
130.03142236741263
130.0314261130181
140.4361658285098
144.42755617753338
144.427584957838
146.78310404082035
146.78311027947146
147.86883652510323
147.86884151463406
149.50831414697146
