-1.789714210165272e-14
7.615183306237517
25.205622360288807
51.97806630450413
56.89269892149329
75.83655268127103
86.96515618052803
109.0629587525348
128.44906206570633
128.8835800535669
165.82645487349785
175.19813331915768
184.99067156546369
204.04608659208984
225.52175846466906
227.94025569940203
233.96482392229987
255.52222679851977
277.9275469050893
293.4699235499212
300.55864177772906
316.9090013565437
333.3140190691344
335.36539663502316
365.5550752377165
377.5331182281399
388.13549087210606
393.01475652038926
416.2607556738662
431.35125871547
437.2110232016515
446.3423719592852
456.26923637167283
463.01294831489054
479.78375531789123
491.3941447763746
498.5371134160869
510.9182269532232
520.4938845709573
534.6132519543545
549.1160795298927
550.6838036956791
564.0336605356372
567.894175675621
570.9862733591324
580.4259020561918
595.7562930188165
603.4684857557959
604.8867543859271
609.8282339090881
