-7.707376403764954e-15
3.3856131350673464
3.3856142841230707
5.014030788878838
9.217192915466182
9.217194149443612
11.961276021965435
12.644352464312732
12.644353047238623
16.549066425121705
17.02744973201011
17.02746559492794
22.957951618559697
22.957955416694002
24.270033492513935
24.270043523238037
26.695057830099003
26.695096078923157
35.56784295681699
35.56784547988733
36.58161813521686
38.274728421447854
38.274776545756936
42.92375749355313
42.92378714183013
51.16443630381702
51.164455065717746
51.75551289104099
51.75554211250033
55.18318225377006
55.18319070111869
65.95542940052243
65.95545462833118
67.0689540165547
67.06906053795281
71.75229714746867
71.75235073830045
76.77831488023565
76.77831865051579
77.78678434836563
84.10638380984476
84.1064016204548
87.22055224278796
87.22058523029264
101.10403180550185
101.10405856823779
102.36172979987323
102.36193276643783
102.72585408962992
102.72594303933512
