-4.801714581503802e-15
3.1384851401561504
3.138485702364613
3.372307789300524
8.319670381005773
8.3196736912114
8.814175789321325
16.079953475501394
16.07995694910513
18.498135172056195
18.498137213121858
18.702593595721194
26.34614507674456
26.34615858108591
29.10733261353689
29.107336414496324
39.12564003477816
39.125658860192154
45.19416929267201
45.19417647546741
54.360189529871825
54.36019114136418
58.412403411770974
60.845873653480815
60.845877478618085
63.73097012451038
63.730981221050094
69.59125800104769
69.59129518259857
71.94065555440193
71.94070716064908
83.20600093096165
83.20604147571514
85.7281765710679
85.72818659957909
91.72483953820344
91.72484717535282
103.90045853034243
103.90049899139868
110.53070012334653
110.53073972241384
113.54584889651328
113.54587962493775
126.2083014313023
126.20838376192853
132.95692371091653
135.1611017554784
135.1611189032314
137.2166896624211
137.21669763267977
