1.0509301762162693e-13
2.408782372228682
9.53523597397296
14.322655735349402
16.20349006396483
17.311588223175317
21.08478426034742
23.072399233747603
24.70663682218691
34.355379984608234
36.572359663746056
36.591332845007884
49.77895205515315
52.521259695645305
55.058708732910986
56.347844540268134
57.71667762204612
61.04836356217384
64.45936810099532
68.13450404199871
68.9249680911495
71.85721749195461
75.55987719250572
77.72200721072558
80.5222126166017
90.77492703477903
91.2212427486996
93.80795802425044
96.72401348075633
101.207520493178
109.71323914825791
115.94265795647843
116.3878364690912
117.2569567968325
124.61996372819213
126.16705692815911
126.21343981498764
130.71811789412865
131.82219357148767
132.74510389405884
137.4912635942799
138.7922455416775
142.29162159421475
143.67566529112784
145.1450915434452
152.0798260795538
152.2242424582742
156.3951680601939
158.72148025620118
162.95574272230908
