3.1363800445660672e-15
2.23160989824674
2.23161024515594
7.077819053710854
7.077819861287752
9.052705822836812
10.3184164742014
11.611039539291191
11.611040558911915
13.55084136134482
13.55084183753584
15.028533181618513
15.028534188520615
18.482253985534246
18.482254330929933
21.5763615418713
21.576363142394108
28.135124986209707
28.135125235162345
28.290843336984256
28.29084398615709
30.9472249064026
30.947227565139936
36.76529829958094
36.91092818307627
39.53429586289921
39.534296778722215
40.09469985710692
40.09470453576317
40.60474356624906
40.60474603388182
41.3726956311467
41.37270993864336
44.26454706183496
44.26454739321487
49.862709399263004
49.8627135250288
52.17256425049117
52.17256816912996
52.51744814580158
52.51748563114471
52.97251507078752
52.97251645222821
60.0490253534642
60.04902588276259
64.0175469333105
64.0175483276776
64.8911780939704
64.89118593510497
65.69134026464455
