2.3080495847871418e-14
1.8391999669635124
1.8392001546534533
6.81423322334383
6.814233302252008
13.980045700645963
13.98004621491517
15.787012309138765
16.735325286531474
17.690518617210795
17.6905204621021
19.274339488278304
19.274341193377712
22.89629358380064
22.896294539242476
23.270469783740317
23.270469981944377
27.20374869896159
27.203749626820574
32.16799192072215
32.167991952554644
33.4897057791079
33.48971257175544
40.73068896581486
40.73069006596167
43.89056797209479
43.890571366165
45.71460203299604
45.714607405151305
57.93837966733664
57.93838506944809
58.934770706294444
58.93478049972156
59.47840684148619
59.4784096777827
63.86426344644304
63.91301440968957
66.00166847146579
66.0016768504368
66.0886135108752
66.08861796160787
72.41562697849982
72.41562843207493
72.68513267203906
72.68513360857197
73.89847639554317
73.89848629499582
74.65229294909743
74.65230925460034
79.97843595680457
