1.0362320376766654e-11
2.5240781285937928
9.773254112000387
21.628577636201126
37.76976588631401
57.75703005966608
81.04551345653557
107.00000010225354
134.91276093887686
164.02347391328212
193.53802214210555
222.65355678727227
250.57605928872232
276.54898598222235
299.8714321934841
319.91722731147144
336.172498410878
348.27054505597755
356.10023225489374
360.0314071433368
6010.427846943577
6010.427959677765
6385.010885020854
6385.01101732401
6684.036898355369
6684.039464009238
6748.8239610669325
6748.825163389165
7140.440768267042
7140.441587851186
7568.435126539427
7568.435369241064
8037.18747620185
8037.187527579632
8552.05058758872
8552.050913798566
9119.25952782899
9119.261150250448
9746.164644414695
9746.165926441558
10441.446606266985
10441.446750601024
11215.4133487235
11215.41456832668
12080.406469559246
12080.408865052112
13051.274038457956
13051.275385682182
14146.028748646595
14146.028821363021
