5.6152998917369246e-15
2.290924624251996
2.290924678111057
7.10557899595268
7.105579577354722
8.215767638829918
9.583774218524812
10.931054347247283
10.931054881581069
13.68611044879443
13.686113597640425
15.005228485993651
15.005229322809468
18.062619334760416
18.062620285236452
22.0674629564196
22.06747041435145
27.936984825428258
27.936988363666256
29.106041856660827
29.10604324156969
32.15832214281156
32.15832453472235
33.789066678135775
33.98359807013014
37.47993895594431
37.479941388970886
38.269124860431994
38.269125819275175
39.72271125127311
39.722719923856936
43.8195998899326
43.819602086519815
44.55908992687058
44.55909442480936
48.23408505275545
48.23408597266092
53.15307809655952
53.1530786308352
53.35926668781397
53.3592721709275
56.88563478864189
56.885635553896314
60.33526811920791
60.33527394901562
64.37450857583032
64.37451297647777
68.06675646472748
68.06676121276287
71.16839023940877
