9.233759590276946e-14
7.954612169351448
26.57986521740819
55.62137582176623
94.78031517139226
143.65928564385385
182.04620411639567
201.78473731671667
219.55778340391223
268.51289007893297
284.95303509565656
320.7420422764222
343.2749469981988
389.4058557681553
424.91297518657353
426.4215693242344
499.5058789691313
513.6938825966208
537.0345234073161
604.542135490339
617.1006955160183
646.1955076777404
676.9241761539524
710.7747216690306
720.4186023044336
743.851046304871
785.2189987814219
809.0743950599216
863.3883114223632
876.9029754017561
906.9163514672614
922.7008240514738
937.8315973219776
1003.3544806133314
1022.2420000170911
1044.5225732550261
1072.6397836100866
1121.5738525466827
1137.8678093913857
1142.1190257985802
1190.9620549492342
1232.526896624013
1267.7748114526803
1277.6429270479096
1296.6726009848755
1344.654243718808
1356.8293750913763
1405.032906979587
1424.726957311902
1444.9895817764734
