4.045548618325512e-14
6.313734279735158
10.02237627348518
16.599383540424135
21.175169426317396
28.74008335246347
33.966460053693254
40.93569452243942
43.93755245641937
45.70639605272667
56.83080497741142
62.41287068109055
70.64522943779544
72.21434652718703
77.08667429241835
83.07063544127664
88.38315405387517
93.842964124079
100.6552908505323
105.39622802720005
110.81822095238533
117.96814156500689
124.57361632886197
129.26576758901766
133.5270566746379
139.7291135077412
142.98042892324673
152.40841774671355
155.973037823042
157.32428551712724
163.09920427983832
171.90173725125044
179.86185480727278
189.19281063652872
190.30272741781684
192.53349645623697
198.1841788323731
204.4976263930611
211.6666239784354
216.63160121469966
217.56111531496344
223.33299244623572
228.0446658928957
241.15872804291595
242.98664048930212
252.59705222445803
256.99267764669884
261.2892490857109
263.615213331811
267.8559942224995
