-2.1390875182270008e-14
2.2144777465747207
8.761057244498524
19.358295178901233
26.34448748637499
26.423576222639742
31.29648328724292
31.562656447222704
33.56812873396234
39.80761964922085
40.297439409943884
50.84277676402619
51.947598623832036
52.645018445736845
67.51682885817725
68.3885837222004
70.58467203386692
86.06420677523819
87.07767037129602
92.20233747817845
100.28838009281252
100.90981263523842
105.21087448523778
106.95903027607402
107.47921058198386
108.08407532245775
113.79486517385698
115.12912099327039
118.25184745822398
126.17722240769103
129.47176506239023
130.6751785103452
132.89617785597326
138.85524742997535
142.17916601922272
151.04461499197672
152.84753184035114
154.08586597455403
161.34133546697905
162.73581108980628
172.11117919906147
176.36532179543133
177.58086277431363
183.00229566873418
186.12176259266323
195.41123457476596
199.3637926799851
200.48776324204772
206.36029789589313
208.25249301943109
