-4.8927875639925844e-14
6.911785326444915
16.80243693008576
23.1030652887063
25.914234076788542
43.185546710469445
48.08336715217235
52.62462464198779
60.92136850733376
71.44549946198106
79.27582722178383
83.11307330273782
94.08589232180717
99.16388345112979
118.13248875866047
121.05187779470599
124.19597397738085
132.74698100523196
137.77759461236008
141.93523340977163
159.1297556382325
165.889011906413
172.85805382424493
178.53786268056615
190.41253141210925
196.77024393252773
203.8713989780048
212.4701134058826
218.00913364962338
229.11478281388727
231.63161902691039
242.08514585952318
246.29539226872748
256.5659782548877
262.2090064344225
271.85172021139397
277.02926506209116
296.8221450017454
298.11685725232417
307.5566117244897
313.96632216369875
318.4008699530847
327.49391524668636
331.8618012426856
337.16585136897316
350.0870285065485
352.1940392438931
364.4154394340757
369.83940296226433
372.366087390457
