-8.036973864200547e-15
2.381898959633649
9.418626924374225
11.277144051152378
12.980405081129138
14.372011277392708
19.59594035874725
20.786216347329404
21.79258791851098
30.49966902673389
33.65062749499241
35.895445205777236
44.220294100270806
45.092386604383776
45.45688209566371
48.29933892506448
49.47782800335664
51.47546943251213
54.81755135599189
56.89163840513394
62.06707079988144
64.07012369445694
68.57239505576605
69.4854731671538
75.31854472784626
76.7066869686968
85.75521756397903
86.36429033792571
89.88368138828271
95.05676417178262
97.41049632083268
97.6043202274543
98.05863554723855
103.11353885496311
104.29695600203225
107.35348721355493
109.65499080990455
113.29818547224109
113.67578527139425
114.89249791037551
116.58138359757909
120.72381238995229
128.69017449128526
128.9066321576633
131.4062806739598
135.67329628224294
135.76122205944378
140.5597251844379
145.26150790032895
147.30709240717047
