2.706168622523819e-16
3.3577419398821826
3.3577421418866167
4.924150666683124
9.172342632977612
9.17234451866367
11.694794215306217
12.54357325434588
12.543573442735557
16.37252518495336
17.009973150631232
17.009976224793245
22.481986514820793
22.481987877403842
24.31827986247344
24.318280194638664
26.795009796102356
26.795021622852527
34.96852071384854
34.968523067456445
35.38659981899437
38.63548717576632
38.63550269402297
43.38385337300027
43.38386691031474
50.66214967990629
50.662154761469395
52.588298662027675
52.588328423352195
53.626356754694235
53.62635910423797
65.79096891895846
65.79097991767746
68.66841098403958
68.66844928336032
73.3881679230339
73.38821520613457
74.88005952922921
74.88006539746719
75.04673220301278
86.7070652812034
86.7070770119499
86.86628289190106
86.86631833919165
98.93610072687454
98.93610579060979
102.4085900542409
102.40859324082183
107.15658157621591
107.15666436288961
