-6.395925455926488e-15
2.2541245755839205
2.254125110646469
2.732948999328219
4.093918967868119
6.269284732741389
6.269286727708105
11.513289505131707
12.498606763105114
12.498608160346395
12.801878567485005
12.801882154819081
16.868023993682403
16.868027605701496
21.619976125396224
21.619982899348113
24.004243245953145
24.004248949409483
32.41343499175857
32.41346568805776
33.692870986519864
33.692880974792686
44.80908908625106
44.80910475827585
45.643266025275864
45.64330908112498
58.38991441450984
58.38994954575641
59.49782867912506
59.497858048614525
60.652792973897206
61.85076651419619
61.850768285705115
65.50065144536804
65.50065424988037
71.49617656291893
71.4961801118335
72.71679735832188
72.7168355682608
74.84330475696783
74.84334193479371
79.70644532109338
79.7064514689954
87.34938227043075
87.3494165354128
89.94861802072161
89.9486465952645
91.22417891004966
91.2242264443562
101.86296624286061
