-7.207897473326952e-13
7.996027078269151
25.48324237486423
49.68570401436101
77.06842199340313
103.84454253401177
126.39578035307105
141.27725464494006
149.0167061521347
364.3751213297458
453.64149556909877
480.8141833186345
603.0253677398715
603.782927722171
825.7055511670735
828.8807361019477
1225.6964536062062
1233.1978628431978
1311.6939922624379
1560.5978494415453
1563.2562251697084
2039.833129655228
2039.9814616383292
2061.7441625826286
2061.8315737292455
2704.5136736716527
2791.441622981657
2833.2393295017173
3135.435185849874
3183.451787774438
4007.6893925932172
4008.389885703638
4009.52822444746
4096.109575654053
4096.459808431699
4096.671850465312
4339.673343005438
4738.769481391152
4892.26802256705
5016.79091326923
5229.773894929074
5378.08798398073
5965.998054537056
5982.9845403281015
5991.696535973843
6179.555922579466
6180.419829356864
6495.263396213418
6703.597481338678
6813.881258997647
