1.366962099069724e-14
6.112676812532583
9.007457734465197
15.427213908740033
20.61056557660551
26.022189055341173
31.510691907061965
38.57078667608066
41.06757413835203
43.100105908049436
51.707236405359296
58.47085324261114
65.29709695667854
69.26077210736102
73.25128815049565
75.97398508914463
82.16389479797466
87.36339637099293
90.64646336249213
100.0508277278327
106.7853697379017
111.98610414382046
113.46045401533154
119.00182582432272
123.26529337126296
130.26329455256217
133.70449240516055
141.73575892975646
145.16896401312525
149.90746982835475
152.98167789672053
162.04957683971415
167.64628518774614
171.7492395012409
173.29581896620294
179.76700153419048
185.39493924350296
197.42598339082346
197.96473292126376
199.56915134788338
204.52436367141954
206.70553931063372
215.53400251514347
224.89731886402572
226.27907359573067
234.5950030860947
237.37447405764766
240.4783165729085
243.92939840281088
252.9607804746656
