-2.8612529012761456e-14
5.7004581755981665
8.699911856439607
16.763661985305895
19.85699351700579
24.2780253941653
33.46703197781281
39.711444366978334
40.166962175270584
41.42354790795269
49.87481473159058
57.824799185816026
67.83763726585741
69.86590376066665
73.94438569804414
75.46783726597404
81.32103523397126
81.59188582243868
92.05396178227971
104.19890548029669
108.65002005578626
110.26020195884507
111.23374690870585
116.04900991655356
124.3408114720935
127.26808458718156
137.0507941100285
138.55893729904292
144.30258191814144
153.87831774247846
154.53346818973304
158.11062539572723
163.89088985407162
169.86641146994367
172.77602824586307
175.71320761514562
187.39983663044933
194.90061618030788
204.91604969527177
205.6585007769384
207.22824506829264
208.5283555071671
214.228284803851
215.9117855725657
219.9781260517224
224.56684170177098
233.65186963229982
239.79006940559728
249.93028153797752
250.25530673671972
