4.02698707713256e-14
3.3946088507506027
3.3946092012665874
5.088914182301142
9.243844823824656
9.24384528402682
12.264046058750916
12.67332778694155
12.67332906422411
16.528791168620863
17.107410684478463
17.107415549317235
23.56046225937921
23.560462500122686
24.39583593263951
24.395844207842238
26.91409578986215
26.914117872806308
36.369163554446516
36.369165068200935
38.49314975249394
38.784754584147535
38.78476439917288
43.62666998570713
43.626670920325346
52.222429342879465
52.22243470615074
52.78879461818882
52.7888183163671
57.51359729049994
57.5135986527001
67.57512773572532
67.57513613349668
68.95462603580694
68.95464151183639
73.86397672684775
73.86398287636827
79.54731152455504
79.5473135677816
82.28682607374724
87.28786865653971
87.28789610599597
89.2770980291599
89.27710335939831
104.40121198870781
104.40122132829326
107.78048298660083
107.78054523687577
107.94777118716824
107.94778005921195
