2.3522850334245504e-15
3.1515997771626303
3.151599777162641
3.452064485823288
8.073321027639786
8.073328310713324
9.095455484698304
14.943716317228452
14.943716317228482
19.205416371658394
19.2054163716584
19.344744874746088
23.155068953342447
23.155074459888706
29.709678711103447
29.70968440410798
32.047405579812846
32.047405579812875
40.837567270548575
40.837619120658374
44.88603823470533
44.88603823470535
48.71652877676902
48.716528776769046
54.945619853538176
54.945742735181305
58.93641503880165
58.936415038801705
60.31016729302396
61.201288362240305
61.20131164534026
61.427023592511574
63.90160876836185
63.90160876836186
72.4793078296866
72.47939423823007
76.49113450472181
76.49113450472184
87.27321651174077
87.2732165117408
90.07325729643773
90.07342406579458
101.49189357694326
101.49189357694328
107.93842750325251
107.93859718495482
110.19150398384453
110.19170295603035
115.65124677127777
115.6512467712778
