-9.093246988722825e-14
2.810615174760072
3.3892878334366685
3.3892884154557144
7.5833041834600055
9.789315878749425
9.78931856497199
10.845529091204174
10.845529399027964
14.08364149475454
17.590409963308026
17.590412017669458
18.818135670759744
18.81814355824665
19.858573864761134
22.862333868114586
22.862334113154606
27.84003815910357
27.840041880076544
28.142554221081202
30.404155278419182
30.40415596754798
31.92340660850035
31.923419193417576
37.90842567870551
37.90843096798884
44.39885870050438
44.39886940252996
44.6129004174522
44.61290187507889
46.67224112543157
46.67224573039511
46.955098746826856
55.4035773997742
55.40357774255715
55.65828234111563
55.658302579593865
61.47750268186409
61.47752957296771
64.66997103304814
64.66997912145229
69.12286421412749
69.12287184517524
71.60729144066069
71.6072955096692
71.67345096544697
75.57312361851056
75.5731261524939
80.99769945509813
80.99771732689425
