1.1053657988924215e-14
2.0926171249928673
2.09261713084156
7.116364495645106
7.116364951877174
10.894973985569488
12.032609941677867
13.166070117608886
13.166070268155751
13.997492140591579
13.997492523054268
15.68260534055441
15.682605351150118
19.602211297980315
19.60221153312084
22.712294543343635
22.712297331640713
26.9340292598428
26.934030357506465
29.33039213503948
29.33039244411066
33.29050713505289
33.2905077682652
41.533741830966854
41.533743130276356
43.67598263389424
43.67598410475543
44.4865068013951
44.58971759664514
45.69601381510203
45.69602505971733
47.25293691944898
47.25293726430773
47.51521585393703
47.5152158805787
55.560341835135745
55.56034288006307
55.75412632071621
55.75412688060453
56.80675380842134
56.80675620061637
59.86540473369274
59.86540682345409
61.999294298390275
61.99929557412664
69.20979319892922
69.20979406668975
71.79606348700264
71.79606922448123
74.22511762307121
