-1.4051260155412137e-16
7.001425794851259
19.72494601169307
23.060889663334827
33.84172685287685
43.9355625870753
49.064625921621015
65.43666085146843
69.01023345928954
70.58865673825292
84.14752251668885
87.7676717623298
95.74518410204331
101.8382166641617
110.44674256073887
117.08657813840885
119.66617157575625
132.12483569929933
137.31361601317525
140.10759914356962
144.33843291912737
146.5001697793015
150.06615115572478
158.39611692089514
165.3746954785247
167.2321709259031
170.39287438684804
173.30774755584892
188.19281742597212
192.16483421616798
194.41737308289657
218.72758687526348
235.70112643215884
236.24260087226043
239.68174115351894
240.8571165247384
245.69695358744318
248.0312059659834
249.59342220462196
254.86175183226914
271.8781091873053
294.4869068561394
297.40565864589996
303.7006731571241
325.6406597589595
326.2963378594725
331.76163436896394
335.6738804160513
341.5362421593356
342.78763500330433
