6.977057820378718e-15
3.5012380232165103
4.700481111110026
4.700482966776118
9.901361064865355
13.612030592520414
13.612030865529606
14.424196346619933
14.424201446827723
17.87483656115335
24.06618568111433
24.066211876036316
26.065054766968743
26.065066695241175
27.888175085329067
30.613698916276707
30.61370300525884
34.800675354743085
35.98552809163777
35.985543109702384
41.73176442819531
41.731786129961414
43.88248391349237
43.882494899031
50.82702777044958
50.82703313666322
56.61689749642179
58.05823561718526
58.05824344700033
58.71173464194049
58.71174626496143
60.40258085293967
60.40263719199075
74.14526173993904
74.14527060940857
74.4860534232815
74.48617396649428
81.7521611953398
81.75219607314939
85.090730406186
85.09076967757566
85.84131062224554
88.45332243249234
88.45332730201004
88.90598365381283
88.90599934117267
100.43450729486923
100.43453735006706
105.3223921864156
105.32248419894422
