2.14064876935538e-15
3.4274220764155268
3.4274220764155365
5.210361200652626
9.246631429005523
9.246640811994999
12.580735592841513
12.784572060486266
12.784572060486274
16.883022739237678
16.9102842424556
16.91028424245565
23.882391499535093
23.882392366920783
24.09355583190194
24.093555831902037
26.185778076380277
26.185822294869826
36.945843496658746
36.94587088447039
37.000334417293985
37.000334417294
39.60744110677251
41.08594311326468
41.08594311326471
49.17948582923412
49.179544833071745
52.40439271708438
52.40439271708443
59.004731196219495
59.004731196219666
62.43963350284548
62.43963350284563
62.82288879103513
62.823058838727604
70.19797625934545
70.1979894612854
76.34098937104368
76.34100169578048
81.26657677944382
81.26661975868498
84.49345322012653
86.22722937725152
86.22722937725158
89.910203814792
89.91020381479217
90.60012832512764
90.60012832512766
98.02015196914189
106.00524570069142
