1.7780915628762273e-15
2.1957465668775984
2.1957466809936026
2.6322535644433285
4.125957277868084
6.325983135589156
6.325984348078531
8.847400408196341
9.631696536874227
9.631696811239708
13.125816487393704
13.125818844513
14.165961242388853
14.16596348458963
21.67831916711719
21.678323329673365
22.469549453895194
22.46955359908279
32.10067605370248
32.10068414965211
34.1853099434366
34.185316639614065
36.28931297248688
37.53438616461826
37.534386465775256
41.440980721168096
41.44098236749069
45.33563779126396
45.33564852908162
47.9767056213811
47.97670832211503
48.06731305852142
48.067314159447584
57.178717783071804
57.17872287740042
61.25416910686129
61.25417120638809
63.89861294728842
63.89861797777944
69.09531487450339
69.09532312417376
79.69228793580561
79.69229045724518
81.47862657345136
81.47865917325348
83.77399882077866
83.77399966433124
90.90109130331315
92.07907768703053
92.07907791664232
