1.7215395775593834e-14
3.386527289453823
3.3865279599519233
5.057315022835581
9.228146518836247
9.228146798079521
12.155977672866745
12.645838260821902
12.64584029124093
16.4858706176127
17.087553930710687
17.087559355683766
23.350310262112803
23.35031535562421
24.38336090803485
24.38336213741897
26.895377911113865
26.89538005536734
36.09748592057451
36.09748715164199
37.905520564969414
38.773276884537225
38.77328967935217
43.61362856674035
43.61363343720203
51.92079288935502
51.920802794705104
52.79239952253611
52.79241044475005
56.77835566740056
56.77836372288129
67.28189654058144
67.28189888831163
68.98351971527713
68.98357357944246
73.84452016900498
73.84452552817154
78.66732221139523
78.66732247993102
80.93686477720401
87.3553092030575
87.35534851708776
88.81818595887073
88.81819313461625
103.37841223213027
103.37842325530652
107.90318547125484
107.90320916541889
108.15197749049752
108.15199649578895
