-2.995867443011946e-15
2.3918780103974773
4.454304263586997
5.18332533539621
8.219729397186988
9.001568191010186
10.247127670200484
15.53584719678406
16.00577195484509
16.349217091146983
18.287726954007027
18.984266316108858
20.248196678693205
23.01789823053266
27.05077784691928
28.51088640500668
29.221629653998445
30.721596196379128
33.08923251581391
33.99758784760207
34.32284539216315
38.84409524930788
39.77901622991714
39.990516232797546
41.3769597229488
41.82486136272008
44.43022577290174
48.52799344315013
48.62289506959193
51.96504878625048
52.988720482093576
53.57428086261166
56.379407295636156
56.5693414139898
57.69018470914761
58.875300360401795
61.57564980250112
62.8456620476765
63.640528399479656
63.81632066004231
67.06986273239578
67.49782413312838
67.5766461142707
71.71160184547871
73.28376747321775
74.9597907831241
75.07357329979017
76.15360573461469
78.06923779311077
79.56424959623705
