7.892991815694472e-16
2.9230507889766626
3.031737107501581
3.5928659111612364
7.713652147533098
9.153373137200258
9.424278180773392
10.018338045036934
11.1582992837515
15.091412815806887
17.280882752655124
17.50310148319258
19.33402882685344
20.406990430429087
20.702902410232642
21.218270236903372
26.867134427304325
27.30686521189827
27.40938844261053
29.230270289957595
30.089612689467454
33.24621847261678
33.33748586921913
34.548056414944945
35.25284283392953
39.45343115208762
40.0212158473871
40.321716024480764
42.44326290875724
44.186574460078816
44.47755611204167
44.55601990992438
49.34823908641889
49.56734592021419
51.053934810990675
51.81894233013318
52.37079648962651
55.367582926047845
55.9054976504372
56.71314402810796
57.688285064582374
61.54133536298638
61.70576341335311
62.54451741213502
62.679631745049846
66.23668184653853
68.06390405208411
68.84434944977066
69.71657194136824
69.73697432467095
