8.434225540199236e-15
2.7488228430303066
3.227987230046349
3.983103002024225
7.4875439863039945
9.470638842885418
9.828838305559515
10.66930391248765
11.95381076014039
16.014119439028228
16.44733999762903
17.4606693609803
19.309586963277365
21.145744642505413
22.660185170930962
23.710707531322676
26.80869609249773
26.858617772184797
28.233966873151868
29.1231569325373
32.36435597428828
32.82371707130872
34.151223415547335
38.47770128302583
39.07292787606551
39.12164888524399
40.311259727933994
40.35018819984663
41.89075466478664
45.52282736205739
47.04390802661055
47.37279223927447
48.906406954903346
50.285077413290296
51.921998187199996
54.214984565814724
55.21815564938863
57.03740527719086
57.36553367342078
57.71649564145318
60.875119568616036
61.72477824880596
61.7916311716209
66.17305820631196
66.54084607416047
66.73500037825468
67.1525813412573
68.35570222653804
69.30367039400983
71.44845587800778
