1.158725893013468e-13
7.947732081573271
26.313626813097496
54.307320248021085
90.7992613431602
106.87496461417129
134.70674955697893
152.08411245771865
183.8518169982202
190.31945932215672
231.94023243525677
237.09618387717003
270.3103734040892
292.03610553331157
314.48680167232004
346.7864696127011
351.5890862887012
391.5500621479064
398.9736610455379
400.0459744788098
436.0438817295229
448.57314837363094
476.4691099390337
482.8264115187446
491.543730174241
514.2601736520697
527.8700907098709
551.4002115392341
555.7451535945717
562.347245610048
573.0253549317325
586.6253256017058
597.3890327063199
626.6288814751891
632.8940870884601
643.9543709853486
685.1357541875929
694.662940307197
694.825444337957
761.9870519956474
770.4125167616095
772.8391247230584
798.810669314141
848.8278699287431
883.2989981140673
897.2811144030464
899.8373866405022
902.0687511734521
958.7072001147881
992.7995021105243
