2.924223363454104e-14
3.4426781477916544
3.4426781477916784
4.439653035793215
9.493845578045685
9.493850785317443
10.254030163326169
12.67605308799706
12.676053087997076
17.491866060104062
17.627085355024985
17.627085355025013
20.25195178230617
20.25195178230618
24.975592054581327
24.975604091260998
26.771541576694336
27.604659534609144
27.604678570806964
32.35420182439025
32.35422692718041
39.316944336636105
39.316944336636226
42.63905792010379
42.639057920103916
43.12271018320704
43.12271018320715
48.553499710045436
48.553499710045564
52.55710917745154
52.5571618583229
54.69723965191103
61.52201541388685
61.522020253560974
62.82620779759208
62.826224908956526
67.00935783404304
67.00935783404334
70.99760896320512
70.99763852229688
79.26882452479734
79.26882452479745
80.94902811985166
80.94902811985179
82.19756851153919
82.19765630687229
85.2794208813251
85.27942088132515
94.84472125593506
97.09583696236214
