2.121566811119635e-15
3.7479815406428147
3.7479818600793338
4.5329723788837075
10.424308562934959
10.424311475351562
10.577477159669565
13.609854636877962
13.60985553563683
19.145190264484405
19.49175377984442
19.49175759339135
21.281204859828456
21.28121024208335
26.377959741632182
27.32106334369539
27.32107043715113
30.736237992395633
30.736240070064017
34.57443528633405
34.57444934932863
43.21846406863653
43.21846673363519
44.086164767140524
44.08616528085141
46.05662204722107
46.056626870785735
52.79335561795607
53.93479375290761
53.93480672096603
59.38110965989853
59.38111483778533
63.99497734007459
63.99498521488473
65.85041756160757
65.85042116531909
76.36933643505765
76.36937513696778
78.27572477356003
78.27572605547076
81.62592286526952
81.62599614193064
87.13487306731803
87.13487841720928
87.93169335677928
87.93170016744284
91.0407159078221
94.70640338323577
94.70641271237795
107.23245656784786
