-1.7720200307103084e-14
1.9588134224709195
5.088980511975889
5.08898133782611
7.2904827579935265
8.598442852921771
8.598445165328743
12.477842678354676
15.673994005768758
15.67399719300428
16.15901418774617
17.783483428281855
17.783483578048816
22.121674612058758
22.121675076153537
24.183140668529397
27.179738748033678
27.17974214803321
29.59232139574402
29.592322088884757
38.53762537134446
38.537627986174144
39.53004854021785
40.966472347093806
40.96647306890863
43.47819582791981
43.478199110083125
44.00481389422982
44.004820129573844
52.442208874736274
52.44221923410097
56.92625068610657
56.92625131468164
60.27651556271207
63.98992083679009
63.98993310042946
64.42879599152144
64.42879902281722
67.05781002219616
67.05781120134633
73.60554297040945
73.60554298635336
77.55126800818559
77.55126851923723
79.49518257867234
79.49519392703161
83.47365542269044
83.47365736408848
85.30713572520492
89.49514031074787
