-4.1147640850169864e-15
3.4302377875198475
3.4302380476941896
4.993973240382983
9.373829114440003
9.373832915346002
11.803082986024215
12.811902780846305
12.811903361871131
16.76053414420161
17.37923302982097
17.379239353466616
22.70161476650605
22.70161721579642
24.844684583174683
24.84469666486259
27.353642071364135
27.353649057560407
35.222024963266975
35.37156178242037
35.37157297355111
39.38654719251256
39.38657765081959
44.1572894061957
44.15729960284271
51.33830852049982
51.338315966636024
53.51094941512457
53.51098282053684
53.625917518824004
53.62592166538823
66.60422245268282
66.60422722927666
69.7119569629763
69.71200125056878
74.2737785101841
74.4337251758008
74.43376570236036
75.07937668495018
75.07938963024768
87.73288812025913
87.73291310349182
87.94434679450762
87.94438689588084
99.35361932553377
99.35363079065081
101.7989309182306
101.79893827726622
108.14126561996422
108.1412987275617
