-9.254749744336266e-15
2.9054069527417576
3.089493466764949
4.250518832918159
7.33814046931704
10.319678570885156
10.452376850534293
10.923010653389444
12.155681479328624
16.821488509814856
16.8608685616213
17.280931386969552
21.47145883285443
23.161007134381858
23.178705495662406
24.26124292999548
27.28896954864262
28.764233909855342
29.269320471415188
29.657349593024428
34.13846609993939
37.60097527657604
38.2935742601301
39.89002634631933
40.71844358541403
41.37236369202868
41.842864775338086
42.172605178443696
46.32399591296486
48.481138990212926
49.44842350134595
50.428531456384974
55.29097868803525
57.377920214034496
57.65262111531977
58.71007479986814
60.232788836938425
60.744228378724856
61.017456032318876
61.423026538782445
65.84309965468826
68.58716532308759
68.61780754403824
71.43888114528703
72.23582534090154
74.28002207324414
75.30464072348255
78.46012978097585
79.65888258112527
80.92460744852573
