4.6802839381854255e-15
2.943449820324019
3.0137618200107603
4.015256072873813
7.438386171013536
10.092045687042445
10.232675554911633
10.270896318900464
11.823674832348255
16.160681770307033
17.1289492233094
17.283026296359598
20.973286564752676
22.094011829115665
22.699132427628182
23.087461571042088
27.50427609726926
28.358507806688497
28.705631240189184
29.48012058396116
32.9845747059984
37.06207365275829
37.09602370351899
37.91392047545871
38.85301625246777
41.4573673348677
41.74993702948469
41.935651630960734
45.77422279347809
47.30927518812523
48.02669388677465
48.37215041467335
55.445730079878864
56.317304643027185
56.444431786198194
57.583421222312595
58.0686713973028
59.43825404026485
59.69437209148412
60.11516011394509
63.49133274716759
67.1585222760194
68.09491864163911
69.03142873927465
69.6824260814105
75.28066341588178
75.72976206659357
76.792014597055
78.11862364862758
79.44881863508927
