6.276229536084088e-15
3.4130806338479736
3.413080835286451
5.152143296058612
9.245407369624452
9.245418774133318
12.416405500006515
12.734008191177479
12.734009330600482
16.72130016025224
16.994376701148692
16.994392966707522
23.79811014623748
23.79811465059392
24.106890541809086
24.106909443660903
26.49449635009641
26.49451486570633
36.58257306503683
36.58259889175456
37.7526624588192
37.752722349076365
38.81721818882292
42.19604413981068
42.19604663002828
50.69590019829237
50.69594010672049
52.12641756720535
52.12643844433577
57.93178453457849
57.93178750226876
65.17754939609335
65.17760029531011
65.45396584943568
65.45402569605868
70.85777197563891
70.85779887115376
79.90268909316337
79.90273347022926
80.99033413591097
80.99041089826147
82.36559306783181
87.99471015088717
87.99475075178096
96.9405227728979
96.94053672228843
97.8602362005287
97.86026396785103
104.46482934535753
104.46486157844325
