2.860038594842962e-13
2.2898500991592963
8.811282842396036
18.57671971284075
30.12138087941588
41.749895202935676
51.84281884799997
59.20578968397919
63.39779364893363
115.32153373012716
115.3347580694775
121.15821762808417
121.18444661006197
130.35315900225604
130.39447943002995
141.9570883692125
142.00956215724517
154.52465793950554
154.57941038889805
166.19172855767945
166.23609917592182
174.78073473280892
174.80313533396676
201.52438398130613
201.52506249321627
216.26722277031982
216.267338425118
450.9150815788969
451.266199665759
456.6189931778815
457.8511688129783
465.67645851407354
467.899036987419
477.2019072359086
480.0643998604429
489.78320944558817
492.59513632566035
501.5623568797095
503.53191082207934
510.3274780815868
511.0157484513378
539.5656670624832
539.5759756194244
665.3799671594439
665.3799695525729
996.1781663480915
996.3982249242467
1002.671965323544
1002.8980630798843
1009.625882232996
