1.1434238972318767e-12
2.4024251230681237
9.586439056959895
21.48250511542765
37.97555010846829
58.90619535243079
84.0724381496533
113.23177462308024
142.58366121480714
144.22230099162792
146.03014918743568
146.10390256163933
151.34462343190833
153.53848350186541
163.14913743392702
165.6024066397132
179.53698130616127
182.23859827953623
182.37360554857844
200.37012963454768
203.32028723390087
221.69374558624375
225.47188474006643
228.65445972434276
254.62762558087576
258.00037595790087
263.689771234438
287.58571087782667
291.0766000889652
307.9618506545171
324.058944088617
327.5652877441127
354.0896079019702
363.7266511232749
367.1156839244356
401.63820811675623
406.2359046180936
409.3490441008304
450.1492718812871
451.2056562952832
453.8611679367374
498.22853870945926
499.13949170223594
500.22780363250445
546.8698441696255
547.9739663735066
548.0138522577537
567.6232734913987
569.3253981244752
573.0309466811747
