-3.0513785942432037e-15
2.190692443221499
2.190692725148573
2.5603572279565836
4.357540354781599
6.366065822274084
6.366068741221833
7.582397519375113
8.020652859398647
8.020653524217211
12.623786627232228
12.623792168787745
12.882408604107448
12.882410706348429
19.856986844666547
19.85699328619269
21.138465582016515
21.13848322655614
26.006534705944603
27.316181163101344
27.31618191709321
29.10502327508033
29.105045150850174
30.405602933662337
30.405673022031785
31.48535505634422
31.48535947372059
38.11619211645824
38.11619616579112
39.58839607149426
39.58847809256265
39.90956040676659
39.90968088490138
46.7358897550058
46.735909564242796
48.89759008651475
48.897677265243566
50.435803111356535
50.43594344545092
56.68612656888575
56.68619247044268
56.69676057811647
56.69683866167436
60.76310992618061
60.76321077641062
62.69702717185344
62.69703532110584
65.15803461350777
66.44966075869188
66.44966145210343
