-4.445402379538166e-14
6.057682035957835
9.017541431964712
15.98543024338073
20.620090067912823
25.712400697901547
32.650134287326416
39.02989324497665
41.18356282507751
43.10943024517526
51.73484513851261
59.20087703759113
66.81053728280611
70.35455188578881
74.08363355518935
76.35490908267121
83.62880438016673
86.8996833055768
90.59479319112744
102.56108328595799
108.47824930993986
112.46935187221357
114.71850617484117
119.97303241159939
124.64500865765741
129.87755654495734
136.61170465016517
142.07485841696231
147.95430293106327
151.31776795363092
154.19129113312678
163.342145335344
169.9004224129502
171.8105991619299
176.75890843181847
179.780459979541
188.20659633429463
198.60857021266966
200.8916085403373
203.86927465837974
207.6726573132974
209.30756221469093
217.53113845333075
223.76763361038041
228.83816537575348
234.03493644082656
239.41320273325337
241.08901879919165
248.0581786227175
258.5909480522452
