1.8861648354295824e-14
3.45343914332457
3.4534391578701107
4.902349146011001
9.463222936422573
9.463225660289096
11.44606774281353
12.883399158233884
12.8834035597974
16.976438940863932
17.568707057044765
17.56871469644587
22.106069650529214
22.106073056979696
25.12855568394388
25.128557979492385
27.659655511522036
27.659667107598672
32.94059526399623
34.674041722218014
34.6740460342363
39.80051943995034
39.800528037696715
44.37105765401248
44.371097035915106
50.81558920964316
50.81562162491028
50.857935614796986
50.857936583074725
53.99505431185358
53.99509097038507
65.72256715067603
65.72258587472454
68.66733722734956
70.19372696996105
70.19376089082954
71.85266673660665
71.85267471215336
74.89420838818432
74.89438644365765
86.51940134581054
86.51941022146792
88.31031116225391
88.31036992122638
95.3436141403319
95.34361552171796
95.65896550486316
95.65897912358923
108.2300576549237
108.23014427029078
