2.067790383364354e-14
2.373433923857008
2.373433953311009
6.958390585319624
7.066947653072495
7.066947820543442
8.545132436630167
10.018520444728429
10.018520691371663
13.650242879124407
13.650244366451695
15.640656678980115
15.640657023199692
17.498244910591847
17.49824538707058
22.177366630827866
22.177367288833956
27.410701797412997
27.41070249947871
29.115645218099342
29.43072906259467
29.97954882776359
29.979549145469463
32.61500164433641
32.615002747311216
33.699169019073274
33.69916983375709
35.51596679550153
35.51596776320201
39.26111881962204
39.26112172290451
44.158372816348965
44.15837511475074
44.915751275132045
44.91575405138261
46.36125297861629
46.36125340953015
52.98268035010454
52.98268170228752
57.31010763218788
57.31010912906728
59.02343025091995
59.02343704998602
59.599678666368796
59.5996791509488
63.552280802624416
63.552282713617444
65.06465438233992
65.11157238459417
68.53255771414487
