1.6878859421254333e-15
1.7837734901534854
1.7837734994067032
6.669090978165618
6.669092283683442
13.742906530652437
13.74290887430145
17.420246163731534
18.333871810167672
19.2585957540169
19.25859614964527
20.707008749109573
20.707009070111653
22.41729340816611
22.417294889511723
24.639998458836754
24.640003852671466
28.051234285901796
28.051244983047003
32.45666582523721
32.45667317726065
33.191360927675035
33.191365150171784
40.54399097592329
40.5439964185696
43.6808962057769
43.68090162300383
44.37851237082625
44.37851332227483
55.85946293148323
55.8594756975677
57.516241712945835
57.516243655995126
57.61152944584818
57.611533974497355
68.71386295522966
68.71388435518519
70.3233578344583
70.36234701282824
72.33286717901464
72.33287240067851
72.35938013337046
72.35938249508594
72.42530384248171
72.42530392586048
77.46877402167456
77.46878107295116
78.43402017427697
78.43404300840524
78.62265154384967
