7.197367701827773e-15
6.646225906501861
14.796646228599988
21.186785451934824
22.475349750462662
37.84957158359024
41.82246583157719
44.4282861120937
52.272341665726174
61.73544330794534
65.73129827906887
67.94298257510093
77.94661574937751
81.35260264941357
92.030809400843
96.33727202078029
98.08089929456654
105.75643887125716
107.23909300161898
111.36943328434941
117.47249156984601
123.09806674677408
126.79378336278093
132.90454985289065
133.52040345274838
136.9640764404816
144.66508449140872
147.44657704407996
150.45732305493183
153.3185911523206
154.84029252108306
159.11260133961738
165.44384191111237
170.77228211777214
178.00389693046546
185.793722370767
187.79457342944352
188.2495285515094
191.6631174958748
192.06133148721653
194.10557912422766
200.28959845440934
217.75824700135686
220.84139956420725
227.200410081863
227.99587085541106
235.72914538947643
242.89226667826645
243.46811939284296
248.37297759596711
