-8.482797797526587e-16
2.2322033994735917
2.232203635082575
7.1138154426693685
7.113815641985873
8.98020376112616
10.271391507270712
11.538896381149515
11.538897063102086
13.740552394994108
13.740554882499069
15.018634346034203
15.018635466875443
18.459264209432337
18.459265044604418
22.13933021272078
22.139330934161574
28.311084374934566
28.311086439886207
28.423140683640934
28.423141192975436
32.229661315769434
32.22966150234758
36.96892011800783
37.128570638789974
40.17935713817896
40.17935920809689
40.31128254533471
40.31128423769356
40.85468995235085
40.85469447737573
43.87016616940669
43.8701693001205
44.67916933687786
44.67917474604032
50.19891102797176
50.19891350318355
53.468612377623444
53.46861243341331
53.70319995788052
53.70320135391949
56.889480990100395
56.889489038928815
61.06290947891072
61.06291001578318
65.64907498743018
65.64908415919382
68.69093498223907
68.69093778758277
71.09298884638514
