-2.6445859391266424e-14
3.5927237674410497
3.592724099824802
4.653830412763127
9.974201673011505
9.974201675913163
10.73166531313192
13.259881743722637
13.259881869870654
17.970447987141775
18.709539828336656
18.709550270914413
21.233178189409298
21.23318133037629
26.642586383888833
26.642590496914597
28.420623055551133
29.731666546818023
29.731675151586664
34.20754966818353
34.20755403536203
43.153583204360615
43.15359935187951
45.64439959410265
45.64440406020072
45.97261337496862
45.97261960110429
53.23769538645164
53.237723143264134
58.39107578527388
59.04386936552502
59.04390127014134
65.95745437297978
65.95745838734855
66.46131337310541
66.46131429471124
77.43294915689913
77.43300779955158
83.59950776942087
83.59954768658267
84.25178136177975
84.25178554502702
87.58424855558569
87.584257386876
90.48262330917595
90.48263874026892
98.32915090700226
98.32917369353399
101.50884864123258
111.6823229909417
