1.697773865938501e-14
2.555856950472413
2.555857362499866
2.8716419119073993
4.193762088517997
6.730623988097416
6.730624139646244
13.6572006765
13.657200762877677
23.28869084762706
23.288695795878418
28.472184142617817
29.773288582038333
29.77329020387964
34.158803996015
34.15880428343098
35.55977003734043
35.559770624647975
41.43952977285855
41.439529948015135
50.386982146414375
50.38699627996503
51.572942231735006
51.572949018348275
64.49987573589279
64.49987599842997
67.66921721947017
67.66923765445216
80.14483256256233
80.14485112816725
87.28820341171748
87.28825164496388
98.41649699504177
98.41652356277213
109.10925081559418
109.10928879391356
119.2082079895714
119.20826548177477
132.98195136463298
132.98203043483016
142.3986765913758
142.39872505311726
158.74133385198868
158.74140818236958
167.85258363667796
167.8526757679784
186.2089040463518
186.2089305197281
195.42156311653778
195.4216487883585
