1.889634282381536e-14
3.3871036899903584
3.387104063619058
5.022736668541115
9.229994116080627
9.229994618537738
11.942363799910154
12.628263746203096
12.628265056631038
16.425530790295564
17.087310038820124
17.08731034425355
22.837330206595798
22.83733178687512
24.38181542084237
24.38182239599478
26.88800742281098
26.88801824443235
35.17065415921843
35.17065442467903
35.22828565242655
38.75401101943424
38.75402921435982
43.4824364500187
43.48244157764226
50.59706040810957
50.597063610348904
52.75756120992944
52.75763722753357
52.912284692744535
52.91228601615524
65.44576161929855
65.44576357357363
68.93104570918908
68.93107215960984
70.29063080887794
72.9116204357707
72.9116347852416
73.58242748975582
73.58243925868256
85.69909212927014
85.69911337069081
87.28477372688761
87.284817034146
95.25854297155142
95.25855696779611
95.26025980738099
95.26028223490553
107.58794526308857
107.58799339235871
