1.8322149353267037e-13
3.4075891022523384
3.407589327734229
5.03583522367372
9.301369936087406
9.301372541003323
12.020212653531571
12.728994495495687
12.72899814538252
16.59114192283354
17.245089330090927
17.24509168367664
23.09520071131777
23.095205755583265
24.643797154041803
24.643801161842287
27.171243364112808
27.17124801151016
35.834904772799625
35.8349114860451
36.830017768513194
39.20274475168148
39.20277923717616
44.07154646012535
44.071558206923704
51.77945253636152
51.779453287364795
53.41304895764822
53.413083547370434
55.53620454322731
55.536209526197226
67.24781930895472
67.24782741529103
69.83594840708781
69.83598934375463
74.68245559302288
74.68247263984543
77.29052911777141
77.29053827562882
78.30910720785393
88.48362485369914
88.48363804255055
88.65482619699353
88.65485125549365
101.89651006876791
101.89651450954345
106.3878451862078
106.38785265246099
109.35550891191714
109.35555222303074
