4.3113082548451587e-13
2.503116222614887
9.915170951784507
18.24444202658319
20.503138926122205
21.034983479251412
21.948776630136805
27.83412212750523
28.555038846809495
38.13841998794226
39.82391784160465
40.73577314261503
56.1245112194148
57.11614324359214
57.84487849949379
72.12270127883428
74.33678599356334
75.67338764757098
76.24256906764714
77.06620907806132
80.02383366624534
81.64413078622292
83.86010146077973
93.59815557399324
95.32711037641207
99.53760060140452
99.82628107086808
105.38435138830047
109.85527312366692
111.79757982286512
124.49457224441757
125.26499640821822
129.92661140367443
131.09659426000593
131.76449404477958
149.99963838213262
152.50822878146184
153.17740039501282
154.53338975643646
157.2176923723991
159.9815442327236
162.9886140520308
163.9758229213874
170.26149741161242
172.718670943172
175.916715769813
178.79740363509495
179.2962564679294
180.3032973883277
182.17303362733531
