-6.781381012288534e-14
2.7684018923790177
2.7684018923790465
2.9433612456052165
4.33979176616751
7.078096828851936
7.078104123164487
14.21946589117325
14.219465891173284
24.130659032608655
24.1307160186072
36.72600233782844
36.726002337828454
51.896446098017854
51.89647034194543
65.84243565843595
67.25130536416245
67.25130536416265
69.51088344511302
69.51088344511318
71.67240810509105
71.67242903650592
78.99896642283589
78.99896642283606
89.16832230199385
89.16840860537651
89.41704758104487
89.41705898916972
102.09375098841794
102.09375098841798
111.44304302072484
111.44304302072493
117.66470749450686
117.66473550811045
135.39870065713183
135.3988088887538
135.74828455117165
135.74828455117188
156.18998899422107
156.19000321975744
161.07760388378708
161.0776038837871
178.81528340752948
178.81528340752973
188.25830707279152
188.25839090295725
203.43087822701384
203.43100159979866
216.70704845769077
216.70704845769095
