1.591955733903916e-14
2.4181964491140784
2.418196449114081
5.778117640786889
6.915088419121389
6.915089657491824
7.714041775171805
9.357322318059175
9.357322318059193
13.218159631297222
13.218159631297274
16.960555496836985
16.96055573943159
17.110849173771815
17.110849173771822
21.192472297599686
21.192483624678562
24.550236161081457
25.108451702444977
26.441978911511494
26.441978911511516
29.795295000392787
29.795296987828227
30.62725523171153
30.627255231711615
30.776869965613145
30.776869965613198
36.07902865188583
36.07902865188594
37.48909531006018
37.489104316003036
41.26766060012617
41.267690951846106
42.755460901593985
42.755460901594034
45.18948926029109
45.189490994455966
49.88245499414161
49.882454994141625
52.821763357204034
52.821763357204084
54.59812288062277
54.716280487359484
57.008379203269506
57.00839427073226
61.7684419635982
61.76844643368311
61.771364397950066
61.771364397950144
61.914295282928364
