-1.7588361322928847e-14
3.4052281531315405
3.4052281531315587
4.966035946393045
9.310857656288361
9.310860168568794
11.756720435140029
12.72067737548639
12.720677375486524
16.611325206442327
17.280134201434596
17.28013420143468
22.61624390233598
22.616243902336056
24.71997494920731
24.71997855280688
27.23982891425157
27.239838506088766
35.240066094899575
35.24007526180404
35.276010582812944
39.302771222105626
39.302771222105676
44.10120475761349
44.10120475761372
51.195305119258016
51.195305119258045
53.53128914699049
53.53130842808506
53.62998830991638
53.62998830991665
66.49781056974314
66.49781577295221
69.94649772996777
69.94649772996787
74.61063290328157
74.7608596778986
74.76093358222944
75.043304748681
75.04331512169493
87.61614504242287
87.61614504242296
88.54571221102469
88.5457629593965
99.30493279798185
99.30493279798222
102.11075646817069
102.11075646817076
109.31150425478963
109.31150425478984
