7.927686285214008e-16
2.3216706862495977
2.321670916555808
7.020272482118901
7.020273232538086
7.798460955844099
9.24287609227145
10.636703988230298
10.636704380926094
13.350890520943343
13.35089249474287
15.216644654147238
15.21664484122421
17.855408286373052
17.855409208639085
21.214477871135195
21.21447981114921
27.497125691609874
27.49712959502351
29.586361480335135
29.586363937199046
30.35097142299521
30.35097357900863
32.32942255609582
32.55503552326704
36.31042105040188
36.310422935152104
37.33941191046175
37.33941218728426
38.65717901876635
38.65717956629813
40.43294727257615
40.432962413580796
44.30085414113435
44.3008573169357
47.672707429668975
47.67271179675131
50.935750640451104
50.93575478762182
51.09147229676962
51.09147820522884
54.425324387542474
54.42533172433934
59.19536382709482
59.1953648901191
61.93133089454929
61.9313570313106
63.97270967492778
63.97271499616337
63.97369819003389
