2.1779453240888813e-13
3.772955664086361
3.9399620291764523
3.9399620291765194
9.559180949543487
11.252318721929806
11.252323211962906
13.303259303150709
13.303259303150796
18.51849213973793
20.882250148504696
20.882250148505015
21.492377928298577
21.49237792829869
23.10324521280339
27.675099104248375
27.67510495460707
34.59113344729993
34.59114633268659
36.09547697065899
36.09547697065906
36.59498629642275
36.594987771017834
39.0714592792355
45.684956305754774
45.68495630575491
50.651916688030326
50.65191668803046
56.17996258801612
56.17996590481832
62.35516127465279
62.35516127465291
63.013004695207115
63.01300469520787
66.19168841588915
66.19169713785587
66.2064376416288
69.74133239980435
69.74137810213175
80.21842585558284
80.21842585558294
89.66921348903753
89.6692134890377
89.84849244007688
89.84850112955056
91.89042614736475
91.89042614736502
97.01885115681574
97.01885115681588
100.81889481783139
