2.484765865284899e-13
2.3414416954927453
3.668529323014599
3.6685293230146208
6.946658963262707
10.62974397940844
10.629743979408534
10.814537546895338
10.814542537191244
12.364704675605191
18.339646080012862
18.33964608001296
20.63638437877956
21.046425312688612
21.04642531268872
23.108840088734755
23.108843221480484
24.414892226593192
25.832600916530318
25.8326009165304
34.299580942563445
34.299598740302585
35.29785125897885
35.29786107134822
36.913535551012295
38.978716083197426
38.9787160831975
40.50353335406404
40.503533354064146
42.85769368485708
42.85771380268055
50.650080338650326
50.65008033865033
55.52839692742853
57.91671250952542
57.91672515512187
60.22005459813621
60.22005459813628
60.35640459560233
60.35640459560243
62.7859405058377
62.785953060511254
67.18402779729463
67.1840277972947
70.14877058326707
70.14880536408742
78.41279944256637
80.04367554301278
80.04367554301305
84.54862404325952
