3.731043252130917e-14
2.3033159613556777
7.142303422073329
8.175823156445418
9.092925958435968
10.629414620128287
13.761751771727969
18.274292901331826
19.94352333848833
23.301716563048867
26.94935090956337
27.22181997518616
30.372205500094296
32.02954333873997
33.07926372681291
33.91306186211639
36.946374419119984
41.229088013182114
43.39401093201071
46.496220415119325
49.242546641259295
54.64048342175024
54.96596071354895
58.81789490583075
59.38341025050492
59.423427085339995
64.20938342784804
64.6870589646361
66.19347356722228
67.68048088807707
73.31490607979492
73.97958226356701
76.58398950287072
77.70663393266204
80.78668925358451
86.13818159854627
87.8183810680635
88.17692647715124
94.05742894013302
96.07951286853653
102.09075308108005
103.23880265505747
103.39184100538003
106.00390261795837
106.90023805072217
109.5698613434521
109.87094618060361
109.97199837821414
110.96123635784376
114.78185943517948
