1.0224460167407301e-14
2.3675442712774712
2.3675443036165467
7.070027459331392
7.070028118181377
7.070124061978992
8.630689160793626
10.094465682131844
10.094466293242542
13.642848416894465
13.6428489329837
15.54355050746688
15.543551138650285
17.54364018508686
17.54364117151974
22.133299103168593
22.13330278042627
27.44510243407753
27.445103185769206
29.49983564589859
29.798596336495503
29.927463277921788
29.92746366545978
32.49318119406499
32.49318400891876
33.981317499880255
33.981319538284176
35.64626249894251
35.646263695910896
39.26051623441375
39.26052048341505
44.18337242748853
44.183374750649904
44.655196181779786
44.65520247056373
46.44593334070981
46.445933593884654
52.89780853509552
52.8978136004216
56.72570332818275
56.72570548435969
58.53945428981342
58.53945652504872
59.59946826111425
59.599473688853436
63.5412682465931
63.541268632776344
65.76012228316118
65.80301509663843
68.29192419746386
