-3.8963623993915064e-14
2.2420650124484665
6.760694016198567
7.181440590449486
8.806961814071087
10.676740568821948
11.938636864203573
18.508509955861044
19.163592287028017
20.491953980862245
24.016633339136764
24.90494164633814
28.455798774363483
30.5864474956735
31.399300331469302
32.33228093576356
33.14299534167407
37.09808557075974
42.240300206049916
46.562131649725856
47.16766513990035
49.785517256196385
50.42364150811465
53.07876783163744
53.435576722340116
57.5101651180644
58.85576885420457
60.18091443892782
63.66388455920286
65.76171298038103
68.36394375554414
68.83374096206451
70.21074603476185
71.54942020537408
76.857190247236
82.86415212830458
83.03685715195132
86.66257197481474
87.18382222766132
90.48174519284728
92.88355657091098
93.14592845923096
93.24988329488646
99.43254084940767
100.3064810745049
100.37615320275115
101.96498812978369
105.02606520228092
106.97200990574423
108.37830859063058
