1.2970007012835794e-13
2.799863227234268
5.1999181021436724
5.199919860116099
8.661684952366343
14.15727702779639
14.157279103628209
15.50120190565822
15.50120513359545
15.606924451535983
25.015207983913555
25.01521524994552
25.619529258872724
30.320275674221545
30.32028706218227
31.438271667151707
31.438272399097013
33.94894439033323
34.14131396742705
34.14132779812827
43.46302129498547
49.28233495614955
49.28235693840133
49.50341052610801
49.50342533684349
50.626446863940316
50.62645894335221
53.62380940461268
53.62381919589644
58.30206703319074
58.30209467762862
64.17062313888856
73.06745686700725
73.06747212106428
73.82228604318684
73.82228884516887
80.27713867701137
80.2771514111372
80.5524522686437
80.55245907411415
81.20580544143665
81.20581559118182
89.95195655536624
96.25954590438786
96.25957175889373
100.9769084926036
100.97692014051967
101.99246239293005
101.9924755062675
110.79812495151232
