4.5410029902992477e-13
1.2759832427044968
4.257647458882505
8.87489732233097
9.263848171437987
9.26384819741942
14.985460206190558
17.17187463985001
17.171874693109753
22.297074785462605
26.679026047287504
26.679026647025836
30.175156179722027
30.175161507878087
30.462739377437135
37.724814461775715
37.72481603191246
39.69672420177304
45.63969826019841
45.63970273933597
49.9176024306146
49.91760543785595
50.68143613848414
61.915169326252
61.91517533006628
62.10992820614048
62.109931617037134
62.33387639514673
62.33388041410657
63.429687909153756
73.81606401769805
73.81606927158651
75.83071845607066
80.4941398689452
80.49414478606494
83.45344875084876
85.54812672752946
85.5481297090407
88.06907660486095
88.06907883827985
97.60328146745336
99.88191871584496
99.8819269616136
104.32254355658328
104.32256004137251
105.49879085613793
105.49879141669122
109.86569889651388
109.86570278516385
115.71106023602876
