3.4725694542103724e-14
3.390709405297185
3.390709787845843
5.09781854798891
9.22750457550602
9.22750801281928
12.297126979141295
12.652671504639402
12.652671591997514
16.499180737220325
17.06966627452315
17.069674326059808
23.61096424433266
23.61096701008341
24.328228071558993
24.328237520606557
26.84691281692217
26.84692114487204
36.365515620486164
36.3655255671696
38.48920004872759
38.68245893408941
38.6824785890036
43.50583084128169
43.505836953284806
52.12525937379034
52.12527194255046
52.648416932990855
52.64847821459277
57.394236727016256
57.394241457033466
67.3941661719872
67.39418332961135
68.77632611881104
68.77636387795349
73.65261631663144
73.65266275540598
79.15594299107667
79.15595449410579
81.35688711987558
87.07540262701727
87.07545666892653
88.93977643066924
88.93979179626648
103.65546760158193
103.65548700362095
107.54176769224493
107.54192913299313
107.7152979947887
107.71533655595768
