-2.1371793224034263e-15
2.1663460764419487
8.32396521285871
15.19143186098204
15.199308696532663
17.55496602193673
19.82158230943977
19.845658894735706
27.654610100544023
27.695499590784586
28.646559178633584
38.115517111758514
38.1701405578737
40.394019081990315
49.95437932722973
50.019018473688675
51.68317825168571
55.69041881087567
56.42983286067631
60.224023802442375
61.32073261801771
61.5862579409486
61.65563211254906
62.73156663494715
67.93771882578737
68.1158521891971
71.51268082076705
71.57719426342875
72.60371611016643
78.68888124034974
78.73403174808777
78.84765471236283
82.75708264909052
82.77312498535643
85.0104850041326
91.11513988069011
98.45875557750291
103.19467241793565
111.09377029090004
113.36125169645497
120.31193546807822
120.72862045651739
122.2371556266242
122.26173150026723
123.7214738161927
128.36193741198875
128.39887854329325
138.00732322850777
138.06006964635358
141.8209640927598
