2.688821387764051e-15
3.4167593104992235
3.416759310499235
5.026083887098085
9.313860100924948
9.313861890759664
11.940960333427775
12.76134964964341
12.761349649643435
16.70207419003605
17.225162433935175
17.225162433935207
22.93121168482004
22.931211684820084
24.577279966502566
24.57729107681104
27.03498212452911
27.034982306719243
35.60105117978549
35.601063421071366
36.11664727831137
38.80554436038197
38.805544360382086
43.517617984710355
43.51761798471039
51.36219035989776
51.36219035989779
52.53519539762435
52.53522930655836
54.69300050161845
54.6930005016185
66.41683604942224
66.41686673553713
68.1667754273511
68.16677542735128
72.80267801276
72.80282901569741
76.28275759822029
76.28276762809777
76.46664104430954
85.6046800480499
85.60471579747866
87.63254045201847
87.63254045201865
100.63394771537551
100.63394771537565
104.29680940282294
104.29680940282313
104.53774699025176
104.53774699025196
