7.804694390767253e-14
3.5494908606739632
3.5494908606739886
4.781866372749325
9.809663377431024
9.809664024989324
11.041173974888505
13.182320689592073
13.182320689592224
17.60613584349335
18.34452623673539
18.344526236735422
21.618336634234392
21.618336634234417
26.24582466337879
26.245825422368636
29.08610468464767
29.086120532181866
30.31449623615653
34.47070999387015
34.47071031568099
42.14888885638103
42.14888885638104
45.94026633809786
45.940266338098006
47.94486389671487
47.94486389671492
52.35927290493862
52.35927290493869
57.60120795269748
57.6012662978348
62.95003233437034
66.34582036473816
66.3458312499709
69.00783545752476
69.00783660947742
75.47264608240836
75.47264608240842
81.17643792726186
81.17650992223663
87.82881134352009
87.8288113435201
89.38602392925584
89.38602392925621
93.18360747419894
93.18360747419898
95.77020973122701
95.77026420715228
109.77707798840017
111.65608909276368
