3.2823570250695155e-13
7.779369152402721
25.990917721580825
54.37628327784893
81.06334697145901
92.63903159966209
106.00662588863929
140.3306429491549
146.74722825338088
171.63908590938357
196.89474568844292
217.8719151652245
243.73491987140534
261.04563543524847
288.1959937965109
302.6571505943513
320.9351533830831
336.31880689635386
336.44934923639636
385.8937880336608
406.9181692234298
415.30430388010416
427.7637690499926
455.76291434482715
482.5692771795193
501.24229817250244
515.4694174122737
538.8947748616648
576.1129751379129
583.170141917632
596.742193767487
622.7223797113232
633.9180117235197
660.0224150529735
681.4969154859405
696.9800381612241
701.6063534465296
717.0012028636834
740.7319795923377
784.5262168902059
792.9643513166961
811.1560620364339
826.1715200722452
848.4928662601651
864.6140272614249
877.7061602252318
896.7222173117957
924.2242312896454
949.0009605912181
961.2921032226956
