2.5071958398292793e-14
3.3455775881467766
4.311824134909855
4.311824748127795
9.238307347485357
12.506836360925304
12.506839892308433
13.36842392559492
13.368424232529105
16.669190942457906
22.112167054266735
22.112172060451805
24.092994090547933
24.093006616494797
25.118191811399157
28.235932594454354
28.23593650596483
31.84874173662563
33.11313452971952
33.1131389953789
38.966872193170424
38.96689875591768
40.71425045303315
40.71427284615668
46.77191975974506
46.771928831730264
50.19461763502257
52.85881958844161
52.858825460241306
52.87461457243432
52.874615802395844
57.19737400924876
57.19738495034195
68.37549233549002
68.37550990424002
70.62298436244672
70.62301991503696
72.63499325677907
77.26517446520465
77.26517940601487
77.76530145822136
77.7653337920438
78.31828829854548
78.31829091064564
78.81264145145119
78.81264759753034
93.24476205445265
93.24476679891195
97.20037247442242
102.3053999771847
