-6.16017653554124e-14
2.7980928664870395
2.7980936457480228
2.957427572790417
4.368898513421757
7.110937737420442
7.110941602611094
14.22301843396146
14.223023176461783
24.02162270063764
24.02162498003413
36.351489461639105
36.3514943679907
51.017299818407125
51.017329037385785
67.78685329800014
67.78686125713925
77.44522267076309
78.86401796989111
78.86402414710123
83.27354940227754
83.27356145080137
86.39463760610455
86.39472453368205
90.54543418557016
90.5454435166219
100.56494180761216
100.5649453438425
106.54634967355254
106.5464216433898
113.17399169788436
113.17400001560716
127.9233029849282
127.9233186117075
128.1736566739134
128.17368845700545
145.32733553515368
145.32734981945083
150.18753827050153
150.18769248938216
164.36435670599946
164.36445098418625
172.9875863216429
172.98771725678122
184.9845167068923
184.98459297513972
195.96344076618274
195.96365431511646
206.86253090441784
206.8625414781281
