3.082031158063714e-13
3.275602104987863
7.092154436765487
7.092154668569512
10.390504299040586
18.30903308662697
18.309033315541853
19.234313327688042
21.392945655130283
21.39295478519711
30.621886351481166
32.54838103907207
32.54838113241932
41.54199397314871
41.542000604750704
42.15670939207383
42.156709812277484
44.48132814436765
44.481329781090885
45.12584375746622
52.25494028710774
62.49817863168252
62.49817931837149
65.21858441389664
65.21859381951188
69.23205828406009
69.23209324898042
71.74593343008011
71.74593413612435
73.84685066247164
78.98433639206655
78.98436215419557
89.28838764368996
89.28839053709372
101.77064060778883
101.77065223319212
102.70778072117608
102.70779681222115
102.86541421870629
106.3200650168056
106.32006839254456
108.46035247046048
108.46038011453945
121.99196188312544
121.99196769923901
135.20689660068965
135.20690509820392
137.05590273838462
137.45507918371595
137.45509045120326
