-4.3532885629637974e-14
3.3902875590328803
3.3902876966480795
5.061652968864798
9.232160216249135
9.232160882069419
12.116164637180379
12.645971791405708
12.64597225551587
16.462578008883902
17.084032014080925
17.08403473795991
23.20754712068799
23.207549955395226
24.36442446961999
24.364424951341583
26.874597894705204
26.87460722177309
35.73698402656896
35.73698545551658
36.71986404281376
38.7258096894471
38.72581818096385
43.5141117063449
43.51411568202057
51.30289876835399
51.30290255008839
52.70905279790448
52.70908644751983
54.98162113627274
54.98162312464492
66.41228232220034
66.41228478258269
68.85528793980492
68.85529592643256
73.55704888246862
73.55706307437525
75.18424623861192
75.78640621381135
75.78640983962242
87.17315703267987
87.173172813551
87.22705943621186
87.22706772335867
99.12622362667408
99.12622940142998
101.67165713517188
101.67166090347042
107.65813976376607
107.65824259013462
