1.1275702593849246e-16
2.778517043530528
4.996682113240303
7.186504347153667
8.314401341044382
10.911682848368986
14.763470581187628
16.97104009732209
19.63088170344056
20.99921686282364
22.441542253770237
25.64375051239986
27.29934830993322
28.292196650008258
30.625321590022054
32.124331461807365
40.50923204285889
42.614207681801915
42.78355506065083
43.84655534632947
44.494044099086764
45.81648243682534
48.25453080707774
48.95139425343874
50.96459006935376
57.51418479168433
60.19272778220677
62.680632302410515
63.614431613708796
64.45717260618038
66.27138260379249
66.53517283693567
75.09055796533767
75.24114495888217
78.52528226078368
79.01507084819444
79.78550074055
80.25860059206721
82.29290322038244
85.75641419419037
87.49534594248384
89.19431607517129
91.13019979094267
94.06457166742976
94.51192192023274
101.341408162051
103.04659264262666
104.04665751659876
107.17486141071186
108.82284221675341
