-1.0439565878428425e-14
3.403522162874183
3.403522195413815
5.145650355861813
9.229934129637321
9.229934373924113
12.439112246977416
12.698177330067567
12.698180332146816
16.648795979640223
16.996453660692904
16.996460459629954
23.872927314928
23.87292994565823
24.136232338896924
24.136238583087714
26.56792065413988
26.567940023455478
36.70400234641112
36.704002434896026
37.98834737121908
37.98835589417603
39.29158766179717
42.549354070324256
42.54936376527127
51.23070127450896
51.2307171219778
52.356996948928945
52.35701049792151
58.50798034365217
58.50798101451478
66.20547730857004
66.20549982875296
66.34860581482357
66.34865276542433
71.6410355246776
71.64107236268806
80.65645733173336
80.65645988300076
82.77771547443398
82.77771781963507
83.92505723043398
88.7631949042073
88.76320100176618
100.03642995472379
100.03648891574333
100.7729297636496
100.7729744527235
105.48365555136532
105.48367302753606
