6.576336697428076e-14
2.1376374903267803
8.437344066441472
18.562483715814725
31.960592287277166
34.25210610765036
34.25210610765044
39.10109637335408
39.10109637335425
47.31815340308868
47.31815340308883
47.87157655596964
58.879575143371646
58.87957514337172
65.33236729282156
73.52228120842123
73.52228120842142
83.195394030103
90.74390070534463
90.74390070534507
100.2875644892207
109.85457796105467
109.85457796105497
115.9767413093307
130.04067491766332
130.04067491766344
130.76100227760074
132.34510252416788
132.3451048493205
138.0279197851024
138.02792780928257
145.55466252629716
147.32372042536548
147.3237367181527
150.42652848130433
150.4265284813045
159.94459758064409
159.9446233375595
160.33178682405162
170.1312724017362
170.13127240173682
174.13253683426808
175.45643868061177
175.45647380010521
185.88500740922933
188.3194662148032
188.31946621480336
193.27670343461065
193.2767467786334
194.78604272764645
