3.2263948457345037e-13
5.391465502755796
16.542262796891634
30.62675211850507
44.749116833301294
46.636279672922086
46.63627967292242
56.38982056287619
64.37988834450319
77.27433783875556
77.27433783875586
97.50355894704113
97.50355894704155
138.9610573422626
138.9610573422633
153.31357939013654
153.3136549021369
171.27902244343088
192.71525259030963
192.71537540428469
267.17896361334425
267.17926045474826
267.4694642779338
267.4694642779378
310.07971470047175
310.0797147004726
343.8426255097933
343.84262550979383
372.9732233626125
372.9732233626132
407.9314490674258
448.31365519669293
448.3139739837804
513.8627638482819
513.8629023109306
557.8314960300833
557.8314960300836
629.3526245650569
629.3532195844657
637.3585755282323
637.3594391181496
768.1046160621833
768.1046160621848
958.3141589879084
958.3141589879104
963.2042424773556
963.2047750389819
964.8829056048409
964.8829056048424
968.7663501743064
