1.734723475976807e-18
2.4224586637415855
2.422458675007897
5.453902465450155
6.945426274265963
6.945426805709803
7.515185053959014
9.183945387451033
9.18394549120327
13.418937384965096
13.418938858803577
16.829432970901777
16.82943421118999
17.389158605481732
17.38915894715439
21.812195199737076
21.81219884604927
23.30556714808287
23.984441701712647
26.45497118128664
26.454971772482008
29.56227430528661
29.562275487105158
30.114624997288278
30.114625637635836
32.06551739193798
32.06552200650026
37.232943006426225
37.23294415296792
37.94679674997222
37.946799682111696
42.577909903769054
42.577911242146264
44.10615318201778
44.106155928389484
44.81927794072664
44.81928057703077
51.25519287863582
51.25519859648078
51.76160151979093
51.92306915782982
57.28089107395267
57.2808976945343
57.84797330397694
57.84798767166315
60.0921291838973
60.092130374302485
61.42384339439536
61.42384718154974
61.88821789945972
