-8.550452013089682e-15
2.191948716872708
8.647575331165026
13.098122051632787
13.478800521401912
17.279160834888614
18.5009541735953
19.020343103856323
25.029758336706397
27.112792959943675
32.78231800895108
36.57890548198133
39.354859700410614
48.68782897205993
49.2779018447052
49.37293330935361
51.67676085018694
53.31938273848265
54.990209712063596
55.8080330995121
61.68969748205818
65.75270599271708
68.55054677863393
69.78971294971505
73.54266122096875
74.02676115338379
80.20705750999052
88.84225777332884
90.1280629627831
90.26626500940218
94.3975421571096
97.79329654647204
107.72860863940949
108.16254668112848
109.42616051591868
110.7624014635524
112.31010723578105
113.47680629470597
114.96456925521588
117.14180957089987
118.09279007943518
123.44075929142832
125.56940431920508
131.28260751344993
133.64074977995367
135.98843154045207
137.0725218234763
140.33521895722748
140.39039025986193
140.76602501200477
