3.974945372853256e-14
2.229523440148366
8.818478956529146
19.477426760759634
20.64051447954363
21.394281354701853
24.66081772340747
27.132109162996596
32.28110589398811
33.755308341167265
36.67192665708658
43.77652077633383
49.88284300040581
51.08308181880345
58.918222615938404
66.46495996917689
70.79888775952666
77.1872362193442
79.46238120688665
79.69142482162074
84.74013849574612
85.70491655711957
85.93217388948126
92.4917355804823
93.75530227993609
95.99849115904178
97.91719987256609
106.54952691400563
107.63637959451047
110.1299951234288
114.98600408483466
120.38802023059446
122.92623668916777
127.95400274754016
130.81722665404902
137.89940201497316
142.4248186543973
143.89414393905437
149.06783325266844
154.66065934253476
160.93482804368028
164.3913774011282
167.75954761860433
172.41752778247212
175.6880169079062
176.3548760735765
178.0952617024243
181.85376796358688
183.19116178949622
183.99695371374222
