5.486930354514641e-15
2.483657606609697
7.923240325313013
9.762880438528324
9.870931796572888
11.02661416092125
16.616354386673834
18.836296496993644
21.920812774892795
28.036305513848184
31.072441669437158
31.546784862619997
32.08327875704216
35.62930924669043
37.93633869228892
38.67212797240338
43.99074076278411
44.877340918276104
48.79492519749955
49.75130930831461
54.369599481139176
62.44068752875177
64.36743525984492
65.39497092299321
69.0673778054819
69.06752665183068
69.29429175791294
72.2084621163928
75.62651530861305
76.2513782378212
83.67766515142372
85.60845105420671
86.53547430576914
87.28840838123078
89.14809043224234
93.8149551220107
96.5723884229847
98.48685763301614
102.11702035503886
110.2706023569934
116.43620854057376
117.83247391221212
117.89448181886216
118.2547574463062
121.13615586938049
121.97800159845418
122.55665735966674
123.10449695105082
127.72530619639204
128.36986076558927
