-4.1749589896333816e-14
5.976275050524886
9.731642346075523
20.194377267064088
21.14505435774117
26.812758459554683
38.180398095455935
44.5023444137171
45.66419232219206
48.0761252033335
54.8020261893149
64.67823757833112
76.47922019559523
78.20753146532685
84.1877824691073
87.74721991806872
88.11781875854571
92.2262575379897
106.10575696034024
118.24701619925891
119.42427465873081
121.09879967912266
126.84886293049324
131.50703848076336
144.74508889110834
145.6062493185284
149.8158039238042
155.76456349302964
167.94705974006325
171.56224309936135
172.57509026753422
180.87548696299442
184.66110937407777
188.66380208235836
192.44277288162795
200.41006384852219
216.60004055431884
221.54384845670333
228.17882142173207
228.93742740927965
230.50814028937123
236.53190050268822
238.90586188102998
244.48346511801228
251.05816865023388
257.59327771872
264.14764566573916
272.3973445428078
275.6659880114017
283.29115598993445
