1.5966394872890532e-14
3.0262365354863126
3.026237822615021
3.307972160272938
6.998797558578895
8.319545681869442
8.319547819884269
13.260440363246499
13.260442149219866
15.93117438892851
16.346705174069463
16.346708286519178
23.205688332735587
23.205692266250843
27.06888228345601
27.068886253525644
36.063605119208546
37.16249076113863
37.16249193794366
38.28864207016496
38.288651291728335
40.406413760888704
40.4064140381016
48.2693762504857
48.269381741946255
53.12947789727534
53.12948018555285
56.20214725644409
56.20215105600452
66.1580276681311
66.15803344532023
71.02729310456164
71.02729606669183
74.24905394982292
74.24909549850173
84.86037785564879
87.36731771990786
87.36736876381211
90.1073362006035
90.10736501684916
90.99617350563287
90.99619014724836
94.30296581256883
94.3030176513894
95.59561070562363
95.5956201161235
110.25471614020584
110.2547175074437
112.91839875515485
112.91843007433495
