-2.792557851627464e-14
3.2489663317201436
6.548070122866116
9.716053027505264
9.887450294693286
12.868885741281058
19.292188122288554
19.59201317689406
25.935875854496473
28.38128683919365
29.05444606431298
29.563444443472488
34.964025981416746
35.337222504655294
38.62333959879989
39.12528574151245
49.56783149766027
54.28403736265416
54.86031549575473
56.21114116539386
56.29020306648241
57.72135627840647
60.78150999276872
61.187679617243866
70.33906490443309
70.98547591206116
75.24156860973206
75.59429767409625
76.00862590783451
82.11067433070723
82.6372974276787
85.98272143542097
87.02339149378606
99.84075672783258
101.14125087012107
101.92952951994221
104.08953811713083
104.65266533004623
104.74255434944315
107.18569021662913
107.30101573654825
112.61961769877132
113.19140884116726
113.62129737443077
113.82761461088779
129.20756641987063
129.3786092336991
131.54806952206127
132.47508616819553
133.1199065904419
