3.1497374153310886e-14
3.3552308344912625
3.3552312456547972
4.715763467276557
9.220242599250469
9.220244091896044
10.979472945175107
12.511354327626952
12.511356547998323
16.479598741543782
17.171511132751494
17.17151984846234
21.260705667688924
21.26070993356449
24.597729321906254
24.597729746444013
27.137882264289097
27.137887364163696
31.320883781205215
33.47681872623639
33.4768225103735
39.22549475266875
39.22552005927162
43.56473515775885
43.564740312153056
48.563241531428446
48.56324662369627
49.54688413093342
49.54689907562756
53.493094837302294
53.493105736834885
63.87127934529806
63.87128127000366
65.15912814260433
68.84386744176228
68.8438712195862
69.95971787760102
69.95976955716111
74.922546694311
74.92257805720492
84.21835262121759
84.21836608858624
88.62129942061235
88.62134502226246
90.8240162118174
90.82402133547731
91.93639696288444
91.93640964193196
106.58164372719905
106.581649368411
