3.5405706144686633e-15
2.3289044668496857
5.008255833970919
5.368751467294691
9.002895636802812
9.015583257563078
10.035415300334746
17.048188970265176
17.160818131335414
18.127005126297927
18.725597565254994
19.054475793950058
21.52643918623405
24.955439908279043
29.600315659479687
30.637770132326782
30.829791592522685
31.682629050846106
36.44481611960395
37.6064835257005
37.98496391537758
43.69986253564239
43.97498051991686
44.78000978316303
45.049742645464946
45.48531494438689
48.53325573833228
52.20037478623764
54.08819938902743
56.66261416341708
59.7349298223007
63.05271067474094
63.511094145472526
65.84532256181379
66.02857964654244
66.93287376516575
70.49798772828586
71.48230312074378
71.9324015845846
72.82373613158613
73.57877301313023
80.97561527486579
81.78468496636214
84.52033907069531
85.52125280191535
85.5631248518415
86.2959217817375
93.72629800633558
93.73398432494065
93.75252368905896
