-1.5595337521379093e-13
7.43286575046036
24.33130718360987
28.567620008330458
47.20989533697895
51.94616071136006
66.74962205486635
88.7488478782503
88.94177611544505
99.01639571572288
117.08882398559733
129.4371830736849
134.8569620594441
139.86919622433663
162.47797678945872
175.87194442244788
188.85227109518752
198.48984352625078
203.2805335924045
217.8915819376975
229.78568313481125
249.37476277101834
251.15107856389395
261.52127945727847
268.98204121604533
283.5342456435112
299.6819739794949
306.97434805337656
324.59718280601606
338.57649891610583
343.8045691977007
359.722055494925
369.55191544642827
374.97735982364094
390.10634071215287
402.7160557222788
413.0351298434413
416.2645607265556
429.2313000849728
446.67805603615784
465.21109094768684
467.01330743856687
471.53456294033367
480.8642095072246
495.7622738343598
515.6511440302008
520.9916938449802
537.6522536301701
554.7808961289004
562.874891866796
