3.976333151634037e-14
2.2814340010769465
2.2814341267308937
7.112460298699015
7.112461470766143
8.318919382019137
9.684377781257165
11.008453694591719
11.008454190496126
13.729670793963226
13.72967112222936
15.004509040033607
15.004509763808583
18.120223185998427
18.120226054072436
22.190061557274067
22.190062698514357
28.039503490449963
28.039503643651415
29.063071106155235
29.063074086635673
32.43220015090068
32.432201041540075
34.39643345069041
34.59036412759988
38.0327218334436
38.03272362543574
38.788327967766016
38.78832987544503
39.942987414945804
39.94299027193969
44.35148829167441
44.35148875333405
44.73291687236602
44.73291716880573
48.68566638011362
48.685673819338476
53.52614103075931
53.52614725631284
53.582773342539774
53.582775219719544
57.821764902483324
57.82177392329625
60.746681331168155
60.746681579615554
64.86159621433197
64.86159672220181
68.83250628588193
68.83251076575658
72.69866838280663
