-1.2125717097077882e-14
2.3527857063588127
2.3527860721491325
7.080547205911755
7.080547554142838
7.305589266720352
8.82259514218335
10.256265065351965
10.256266404353324
13.660378905877364
13.660380377000903
15.37513255461074
15.375134614461679
17.64762539034405
17.647625592574677
22.14500488038225
22.145006296205455
27.564285534483215
27.564287869709588
29.83674339055126
29.836743701893095
30.431926827660575
30.70522698360797
32.4827808627965
32.482780877613784
34.715077514103704
34.71508206691173
36.12095367538727
36.12095875867957
39.40132198361926
39.4013223983562
44.3478727743094
44.3478754291207
44.59908481993319
44.59909025525248
46.80896563135492
46.808965870717465
53.042241989179615
53.042245685151215
55.80442810036398
55.80442928931426
58.405146591106885
58.40515813524962
59.8615461526439
59.8615484847051
63.80663174463965
63.80663294132483
67.9237166386069
67.960802148546
68.41238179540804
