2.168404344971009e-15
2.2338924494045904
2.233892645520735
2.744570232738671
4.142580567364238
6.163808207531515
6.163808561719785
10.928083475979927
11.851301420210248
11.851301920863403
12.359191437453477
12.359193118679094
16.130088345474615
16.13008863519132
20.324067927861755
20.324081005653873
22.901295082098024
22.901297290909913
29.43148172095383
29.431484837747934
31.65453771956761
31.65455187061826
38.98092365433164
38.98093526252043
41.73225960735551
41.7322692877774
48.25845021251152
48.25849975471078
52.38079264467395
52.38080638369856
55.08712750111698
56.291030572148955
56.291031202059614
56.59162830578157
56.591706930778855
59.91887669932906
59.91887702291061
62.80822557446694
62.80828200902866
63.39433642441905
63.39436811428374
65.69349624169656
65.69349785148475
68.20011685495629
68.20012822581849
70.6856619398932
70.6856746400324
72.24410369440963
72.24419165797575
73.22080082370313
