2.640422602784298e-14
2.4215427413131834
6.088970913434724
7.528217265549695
9.408598805341269
9.495738486441443
13.68440098114091
17.18338669996538
20.53213523664529
23.47289710414862
23.73598875791502
23.987398463448915
28.92276559850628
29.37684304577916
29.430067456604064
33.53890535920729
38.29500238025416
39.34999842112538
39.90707379313276
45.03434755346887
46.9879304603604
50.71124692684094
51.34281898371229
53.6070347573014
56.29788091667154
56.50059935229962
57.45525522248477
57.59256681006066
63.02892932310856
64.15087998502392
66.64451978888833
68.94879980063652
71.91408363406647
77.32519123681624
79.3443670783793
81.24985696321356
81.87161866976183
83.66117787844159
84.56595764775938
88.09712700925125
89.01530449351777
93.2202580534718
95.0558570438643
96.95983875081349
99.63454496340216
101.2728390857642
102.26467629223886
103.85035149597456
104.1261666055587
104.19942160478986
