3.2526065174565133e-15
2.0595636607492134
2.845735967564957
2.845735967564965
5.648685542131319
6.393420524164288
6.393420524164292
7.734261742412763
9.169443719882523
9.169445722180155
12.235084547549441
13.332278363034295
13.332283347710982
13.557366854787697
13.557366854787718
19.25550618490977
19.255506184909787
20.357870774592513
20.357875859409027
21.100080569871665
23.027957672759644
23.02795767275966
24.442876945853094
24.442876945853136
29.315509393822254
29.340091423983125
29.340094335850587
31.286884873364908
31.286884873364915
31.53710267302254
31.5371026730226
32.5658131318324
32.56584283746164
37.227926702762105
37.22792750322768
39.04914654785074
39.04918205539032
39.747945904823354
39.74794590482341
46.71323458539497
46.713274050501
46.92293439962789
46.92293439962791
48.527379091275634
48.52737909127571
54.100601056194215
54.100637563140985
56.29430138187552
56.29430138187561
60.10199773838359
