-4.586608870482678e-15
2.379579719658297
2.379579918074161
6.863402703111316
7.027698554697158
7.027698896925784
8.471914205899418
9.968085215085617
9.968085697670812
13.490278750328123
13.490280547900115
15.766579854831724
15.766580467026195
17.446483199083133
17.44648356663577
21.744379400537838
21.74437991462535
27.21710825197469
27.217111445922107
28.698367432989755
29.022847378765018
30.001480862875077
30.00148190822947
31.660493463789468
31.660494195423613
33.39921774491147
33.39921944133022
35.36548704436888
35.3654882856833
38.73245283347045
38.73245524071473
43.07423600020792
43.07423610590376
43.91839286189359
43.9183963767856
46.20405796839864
46.20406199699199
51.825516810737966
51.825523916022334
55.79343187971929
55.79344745596068
57.725523287585844
57.72553199065691
58.93342452101176
58.933425858665686
63.21717753601581
63.21718261586891
63.93270063065336
63.98181403319071
66.32602061160549
