8.673617379884035e-16
3.413118277346975
3.4131188388339493
5.11966027210549
9.224573023194088
9.22457581227211
12.13436585445062
12.7047999357733
12.704801960937129
16.64829361397997
16.903742803504468
16.903761668501666
23.04434101191635
23.044343742028122
23.95801826672347
23.958021080697446
26.251411235960102
26.251412863611375
34.76803971140391
35.0993783886331
35.099384957640595
37.23734885475545
37.23735076159559
41.55352774948507
41.55355780253105
49.6777132627125
49.67774298179228
49.74001487947916
49.74007830990867
51.854558590405986
51.85456725335288
62.89824452928188
62.89826370095538
63.54684766582188
63.54686269641058
66.14138179340907
67.87743154924283
67.87745747830209
70.52948818365488
70.52949770936844
78.35375971689803
78.3537613913937
82.01571351712956
82.01574388736718
88.43350535231798
88.43352838499756
90.4237111434068
90.42383332446305
93.42741425829122
93.42742314607474
