8.638489229495505e-13
3.1648490414119337
10.507684518165158
14.787590446221783
14.787595590707786
21.621610626317512
30.425011830539024
30.425018944952093
35.48790220735086
46.93668746640758
46.9366989119182
50.139585266360065
50.13959683653863
51.102725859176374
70.1872574764762
72.95636546620231
72.95638561609505
76.60809697079893
76.60810597741977
94.06889778747639
95.05304808909464
95.05307394424935
95.1274970964349
95.12755544339147
110.13486975168554
110.13487739755026
114.97010542916348
117.16304037219625
117.16310328867057
130.30190898295015
139.7834167944971
139.78343434523472
147.11952541239185
147.11953704467103
147.8542377834117
147.85426186034104
158.86498102725875
158.86502712832134
162.97969624256632
180.50420944706983
180.5043133958218
185.8457966518396
185.84582073912281
187.90138580294408
187.9014082559317
202.4235107519833
203.1962409934018
203.19636271841176
219.26199011473233
219.2620274376404
