3.7409311759439845e-14
1.8964137384204276
1.8964137763718063
6.8939434486978906
6.8939441274343904
13.930957702999134
13.9309591650176
14.457631223539764
15.445631111390107
16.437519826447417
16.437520225817607
18.186507069199703
18.18650721220071
22.196337904738687
22.19633851559833
22.6202511910875
22.620251384058697
26.758811078181633
26.758811180491495
31.249906090327585
31.249907048387513
32.88536726540239
32.88536957653505
41.123707526745406
41.12371192903974
42.96932356547465
42.969325200578595
44.62163374042256
44.6216348784436
56.763486369821294
56.76349224462559
57.665309642589875
57.66532038304502
58.65824164054242
58.715455962142684
59.69168252742645
59.69168302215722
60.91639921993302
60.91640160591532
61.02602847036713
61.02602884197205
67.68175027498019
67.68175200287085
68.05571357441052
68.05571574403983
71.8141411056822
71.81414428968404
72.17516172684603
72.17516486201256
78.88045919014338
