2.2706662938798416e-13
3.5142968702656323
11.506247687237785
12.860530423023844
12.860531088336588
23.081395614208514
28.11855647537426
28.118557253218654
36.6589631180438
40.17655323762294
40.176594947379876
47.417050778337
47.41705626882906
52.31861334137414
68.36683181556145
68.36686680054383
68.62662483808707
68.62663048281513
71.9861124784388
80.65646626399378
80.65648885836072
87.73551520881813
87.73552115600849
92.19207814903959
100.07225956086359
100.07229514290209
103.72622531344086
110.39616787878255
110.39617309063333
122.36111747407229
122.36114344904524
127.52779379848039
133.4721969322112
133.47223449075267
133.99883558221748
133.99898032683342
140.18800659397314
140.18801125317506
157.06494346273897
157.4106919963161
157.4108095934636
166.60061631696325
166.60063436409905
173.77163188253456
173.7716363251281
181.78213071310296
181.78225915994872
188.25733282295602
189.32213890212367
189.32222503169376
