5.965193616841447e-14
7.32250772590439
24.028706337270915
28.156833753610943
43.39917438089202
50.04771201913401
64.28449832643727
81.88120305762232
83.71756852409715
97.20725987814356
110.9938664312021
118.57066097256275
125.0730527237826
130.30525493965223
154.40529074547297
163.21197931598522
171.84160747561737
178.7218333698769
189.5521417846115
208.96759848663987
214.18380133572109
219.88752573132604
230.4156376742589
240.28511620891655
245.1080470311428
261.2784628738181
272.8731626334969
273.9203016735165
287.2001024699606
301.29061296564845
305.4214240371201
327.2180668483453
329.76155454371707
336.87758445888926
338.8240934610301
357.60887649121776
365.409894742324
373.7816426120124
376.01104999164704
385.1661022719837
396.97848190039304
404.3051581982122
415.44748177567715
423.67962542873227
429.87322022189954
433.6792254286335
443.1746810512699
453.3405289124486
459.7510975185251
472.53577659918926
