-4.0082520635920105e-14
7.41358267787601
23.668825012448856
46.214402725563936
48.23875878352693
65.13450134624294
72.10617106627373
91.93101385700524
97.7622326393189
110.3891945934069
120.22145613227035
133.6502890995141
137.01976074063128
148.8932066195014
153.51486015495922
165.14842003238277
170.10930345435716
188.4750580592022
202.44498698176665
203.1713118512763
214.16779143530863
236.67851553787546
275.5181389718285
279.4168472109588
282.8924548278154
285.3414698830544
329.86509694426155
360.4789501007491
363.1657268759764
369.6425424909204
381.41089478981934
419.57816584244796
487.51611874572126
493.18469753311643
497.84303642546047
500.59576047194986
505.7698109392161
513.0873330291756
516.7429479948094
558.065168992174
592.4962724519388
620.3585462199193
643.81779314334
654.2142919563346
669.7319505300254
749.3090333997776
752.8799562446351
761.3818421754387
776.6039737851721
779.3846026048298
