-5.861630625325631e-15
3.0667988571405727
3.202749349968201
3.2027509006839585
5.887832775899542
9.248602853856665
9.24860319341806
10.30045836514296
10.30045979722019
14.528360408530721
18.594743243060847
18.59474440521174
20.303965342581893
20.303965867119377
23.824285575918076
24.294891467049787
24.29489362543848
31.21511060241461
31.215121724153526
33.861693811523075
33.8616938200566
35.95157275142273
35.951573023466224
45.36255366789841
46.997115734735715
46.99713225631319
48.077688216029074
48.0776968056499
50.296675267954484
50.29668653323331
54.10629897159261
54.10630014599213
58.697794559239505
58.69779651301771
65.76329120291895
65.76330875512657
69.5935447561323
69.59355384923315
75.10476336539281
75.10477008090191
77.93422827131836
77.97613070195163
77.9761322167178
80.82971253064287
80.82972417836135
87.2876652869898
87.28771435771662
90.31258940805598
90.31260422605169
91.57505504259176
