-2.6579433098916638e-14
3.4019098912838395
3.4019102841527804
5.054486785106971
9.275091463779342
9.275095016978495
12.103821158572073
12.705424440276767
12.70542508676368
16.567844860553432
17.177856840336624
17.177859409547075
23.246704931943917
23.246705152367472
24.523129456968046
24.52312977030988
27.034726058308497
27.034741603286864
35.99775158298554
35.9977579916532
37.37761709309205
38.959514009499266
38.95953581501196
43.80031029897221
43.80032471910323
51.86721952380761
51.867225988760296
53.01381983148071
53.01384384570442
56.18389977608809
56.18390206115337
67.24902946913863
67.24903687829159
69.21689547045438
69.21693665449759
74.04032264877812
74.04033844590823
78.01685424818908
78.01686631247605
79.60089671817052
87.5637184585281
87.56377700573131
88.72175958556386
88.7217751889851
102.67495944410928
102.67496496832682
107.84318631802276
107.84319164186242
108.03393660776312
108.03404947305886
