1.0907941216942163e-14
3.0622385817543374
3.0622388258866495
3.342979237944488
7.964479116925053
8.26180310545249
8.261805195846357
15.739449973045094
15.739450938405144
16.107995163426857
16.108008494504066
17.053248675144253
26.013553644962585
26.013557652828318
26.572679861875905
26.5726906279078
39.65223556159536
39.6522553469917
41.0910491159287
41.09105808199477
47.554955213596095
49.9670313657054
49.96703148383484
55.27462854345152
55.274655538899374
58.320965065879165
58.32097504397211
59.31829571663373
59.31830008819873
73.32316520556184
73.32318615353422
76.51037007257403
76.5103838804301
77.0394876758613
77.0394990671278
93.65155940224075
93.65156275206981
97.60500641932578
97.60503276988044
101.79006804648293
101.79007999696114
116.09025610433727
116.09029996663138
116.84254007946015
119.21941948584076
119.21943123457478
120.19580989519663
120.19583171658623
126.74744039571226
126.74745514378832
