4.9524620515661866e-14
3.377553276247671
3.3775532762476783
5.015162905419948
9.20880639115397
9.208810594465739
12.004911653391657
12.614995065268895
12.614995065268994
16.453580101255795
17.053999723273375
17.053999723273396
23.05781934495946
23.05781934495959
24.346179850864978
24.346195764508956
26.83582131271549
26.835826171962385
35.715606467298564
35.7156197977703
37.05267944982349
38.66408381319293
38.66408381319295
43.463077733106275
43.46307773310656
51.468704854260935
51.46870485426105
52.59605168604217
52.59605445427013
55.722227561454105
55.72222756145411
66.72442648533466
66.7244351713418
68.64617925834277
68.6461792583429
73.42722100470158
73.42726470947386
77.40935658087443
77.40937241237744
78.97703903083709
86.80389503771464
86.8040409374599
88.04246268376721
88.0424626837673
101.90484647477534
101.90484647477543
107.03536724995767
107.03536724995774
107.04289156837969
107.04289156837989
