3.0454805344248825e-14
3.387643940512719
3.3876439405127385
5.092945398228829
9.220906068371779
9.220907687180897
12.296375874492066
12.644337169759662
12.644337169759797
16.493590556917955
17.060535112929475
17.060535112929585
23.62467301515693
23.62467301515693
24.318878698018516
24.318890215006245
26.837087907591933
26.83711339506972
36.42062018350276
36.420626860235934
38.6741152074768
38.67411520747684
38.735062154812816
43.5050202134178
43.50502021341788
52.23265417070627
52.23265417070643
52.64412790705392
52.644172103682784
57.76066369995701
57.76066369995709
67.53519990084034
67.53523066316664
68.77933368200279
68.77933368200296
73.70434840363536
73.70440550380023
79.75685873360976
79.75686544567859
82.66991734586318
87.08972177592504
87.08972747923015
89.24000552593247
89.24000552593266
104.55080827597266
104.55080827597288
107.57239338384548
107.57239338384561
107.72719275000185
107.72719275000242
