1.219684075959293e-14
1.955139795997327
1.9551397959973418
7.006682359094987
7.006683266268376
13.197122431383777
14.09280861333657
14.092808613336612
14.22372810193444
15.25376432888651
15.253764328886517
17.186498462786865
17.18649846278688
21.224645413080403
21.224646769411567
22.99590069449514
22.995904352269754
26.494194465677715
26.49419478471059
30.5935686850859
30.593568685086016
33.76134307504589
33.761343075045964
41.865884916906744
41.865884916906786
42.743347478228856
42.74334919618122
46.39649539552511
46.39650754176851
53.581933256657514
53.6515210324091
55.96815686307516
55.96815686307522
56.11138073786966
56.11138073786969
57.18066342597966
57.180663425979816
60.870913036721056
60.87091303672125
61.071908139280865
61.07190927125571
63.15068372165257
63.15068854242136
63.68771132938732
63.687712832026094
73.61392930196601
73.61393170556738
75.12566655358256
75.12566655358259
77.11020826275171
