8.376979665492001e-15
2.259601061472221
6.72626127695941
7.3539239455981535
8.88423695318372
10.482674758742501
12.367424748639518
18.233339203883546
19.353807848076116
21.207091994067444
24.344955808606112
25.08667713347313
28.936990422520367
30.29118129732769
31.429564576656922
32.64711387564111
34.1361616850484
37.71213959485077
42.18562997054135
46.24363629827034
47.466709739161956
51.05556943660146
51.148150605828285
53.59577456019553
54.061988908916874
57.75984080228544
59.152186098605505
60.89357694210067
63.99329541656919
65.45462538761458
68.97394518022247
69.21603257632621
71.99169796701732
72.61944175524242
77.70993224034761
83.09362929186804
83.37629187059099
86.09937962579781
88.7173287330328
91.53854145822093
93.96518528616339
94.05432953856992
95.76915689931673
100.80319702951259
101.11029516122854
101.61097382615915
101.9955741880492
105.84818239823736
107.40625647159771
108.97956213536627
