-7.4593109467002705e-16
5.6974113490382114
7.017147557843013
12.076782207009288
18.31514262376177
21.29735487862576
23.02951391235188
31.546611251354506
32.85636550862293
36.21050391253394
39.81041270496018
44.273461451690316
46.758248478803694
54.37289892015547
56.73388578390356
58.497739245752626
60.51348476508915
66.15681757564934
68.23319249959454
71.58720824503655
76.08838249458778
78.26881204901123
82.10178290083878
85.16812277884382
88.50685158161433
90.6797222684493
93.85887192158485
95.47821768841291
97.89748230542945
102.14351332330486
104.6937231697312
105.78845376327905
107.92717623306682
112.00413190402656
113.52322321876157
118.06629656687353
119.86935681721883
121.29324155791707
122.04575295957265
123.94964102371551
125.02642880006908
127.70633289671521
129.57498208342096
132.6415553944967
133.24749725675676
136.2597538440257
138.51050368288128
139.3766963602815
140.6863303098163
142.3431772293073
