7.461045670176247e-15
2.4120807546049656
2.4120809544422825
2.812575559500506
4.112487163388444
6.5089900908848595
6.50899380775316
13.300854551056812
13.300855551701398
18.370731747148685
19.56677727902794
19.56677790431365
22.73303778015194
22.733055360888258
23.940781999651673
23.940788841183938
31.20368110127285
31.203682594510564
34.728847632246804
34.72885105665984
41.31491552273124
41.31494089821457
49.189306260487356
49.1893089190563
54.21803999571696
54.2180449155584
65.99321349898759
65.99321714243602
69.84086831796415
69.840872078028
84.99742306487528
84.9974270614114
88.09592713903356
88.095936630436
106.03774039239809
106.03776879906324
108.88084506618598
108.88084551881947
128.93083415625182
128.93087983562557
132.0788042994273
132.07884103208724
135.9910802584411
137.12642960367012
137.12643047217182
140.55499298023403
140.55499879295547
146.26157827302248
146.26157919956057
153.47743573279394
