6.365220850401698e-14
2.2348862074044433
8.826524651432084
19.443013261245717
33.55500122672734
50.47134975210834
69.38791167375523
84.569833963363
84.56983465311521
89.44561593068597
90.07104479746796
90.07104587696499
99.19653567748404
99.19653914528969
109.79052109141506
111.77495609678132
111.77496209297578
127.440088693671
127.44009705537215
129.61839454976393
145.61531405901303
145.61532449434293
148.18780356316122
164.8018224540229
165.54072983714804
165.54074202745514
178.7729200368691
186.32216596652924
186.32217960375564
189.41672624654424
196.11036311715336
206.9899965471713
206.99001133174875
226.55936005170895
226.55937566729585
244.08661364258018
244.08662969993716
258.7289894369255
258.72900534349867
269.80881813169935
269.8088327495233
276.9259418070956
276.92595261306275
280.30025142828293
280.30025476418206
309.8861618603672
309.88616229176006
328.2012843563599
328.20129534128193
334.3393614120981
