4.93875773610597e-15
3.384384467515298
3.384384575458024
4.987990467706098
9.19630504466097
9.196309967695667
11.595068206186346
12.546153703277488
12.54615594192219
16.23341850484882
16.970251367303547
16.970259698604476
21.80602040312192
21.806024729707055
24.153743140222307
24.15374517621716
26.617200066770522
26.617200497494053
29.85410713437198
32.94774416271724
32.947756936545474
38.24678899888969
38.24683275238606
42.22011877009332
42.220134654487914
43.73725571957723
43.73725771733047
47.38006525571346
47.38008828881616
49.75401599210979
51.91954897530944
51.91958339961469
58.075979440380884
58.07598846793253
59.43618819033852
59.43620041476742
63.132434413438
63.132476908114874
64.40838192827016
67.65957134596444
67.65964220383543
72.44538181762812
72.44543748917062
75.45627550156465
75.45628883983028
76.7545532878159
76.75462758718785
85.4755888475173
85.47567866695204
96.59785531472231
