2.189116943274172e-13
2.853382604239549
5.131251786102441
5.1312521468341235
8.747823721814939
14.112392746296186
14.112393617971998
15.277570766557302
15.277572309345413
15.679948763035462
24.84030519724449
24.84030699857207
25.784977702347046
29.897950110415387
29.897961344011982
31.200221497759404
31.20022260617787
33.37641342066933
33.96421334955718
33.9642155601306
43.62553045796465
48.81618817344593
48.81619079112744
48.89952634997195
48.89953013064145
50.55456136968207
50.554563621849375
53.11238688232138
53.11239471491284
57.72509339481614
57.725098718375136
64.03085226358644
72.37950821288429
72.37953129851452
73.41821479664652
73.41821491257883
79.47267605067167
79.47267669482787
79.86841440298411
79.86842224211922
80.45863059322137
80.45863729133278
88.83237232555517
95.49945617246993
95.49945922197854
100.40366870467857
100.40369511199937
100.68170963117934
100.68171368621603
109.29057234295767
