3.1589314497537657e-15
3.418970531487242
3.4189705314872736
5.126718480162228
9.278392560189163
9.278403162696952
12.31564799704394
12.762989848913268
12.762989848913287
16.738536740581218
17.085794650377174
17.08579465037722
23.617641852193792
23.617641852193813
24.279987087775595
24.27999020058463
26.689755303856955
26.689798085639595
36.423193676422684
36.423215269231044
38.11282059844166
38.112820598441715
38.31825615823812
42.65975967737768
42.659759677377906
51.30185398673203
51.30192052692057
52.07853487127959
52.07853487127965
57.40797350235105
57.40797350235107
66.12296661267321
66.1229760687571
66.13570169635993
66.13570169636007
71.39272857293402
71.39277759542372
79.47883642692433
79.4788712433297
81.78010114020957
82.43993459686985
82.44007230210572
88.32290944912806
88.32290944912813
99.1777284027842
99.17772840278448
99.98908708126669
99.9890870812667
104.23618612288168
104.23618612288196
