-7.28583859910259e-16
2.3940844283288514
4.498135850851531
5.296194530045331
8.21861617657145
9.02164518793214
10.445175274348536
15.857251347268072
15.976324824151261
16.58637712429233
18.34837006621612
19.259858864392314
20.621554155236442
23.185239401329778
27.006687514877907
28.5777411311181
29.60956716963924
31.04608183896571
33.671256442628625
34.50504270838125
34.601761973369534
39.36470196180113
39.8610260142092
39.9680939184941
41.999002347266995
42.19727300572941
44.76344450243422
48.89933678289927
49.03330813296725
52.16533316512621
53.536478615527585
53.6473544070355
56.815808518935015
57.394215317956935
58.733813852845756
59.23466381533493
61.9509586027323
63.579122021365954
64.19003040411008
64.49327954348793
67.08888709490239
68.15725207233065
68.19315831553774
72.00505430686046
73.62120791502936
75.6337677866563
75.89856141527436
76.32107619111774
78.60140337794365
79.7825104110505
