3.3497510321112145e-15
1.9994175717517078
1.9994180127029797
7.046956036150632
7.046958217448749
12.400343401907216
13.458775750933839
14.04356029265916
14.043560581187844
14.522248131154859
14.522250234119477
16.616655762906845
16.616658133938206
20.63689639140516
20.63689917786962
22.826668701215734
22.826669232272
26.506683076981517
26.50668531475097
30.112606523338414
30.1126075419765
33.424800750071235
33.42480516640735
42.24087756022649
42.24087839609546
42.411464840125625
42.41146938324417
45.807449980363266
45.80745015513489
50.38014565229854
50.458309163629664
52.87718139178109
52.87718927682334
53.04892111542607
53.04892996451896
56.502358270263
56.5023593447843
59.90467033375291
59.90467158026202
60.3842562445959
60.38426659541598
61.080131557418085
61.08013751797629
61.443307177206975
61.44330718927236
72.60754795861412
72.6075485346163
72.84064082606024
72.84064708513162
75.51247358606217
