-4.975186929101483e-14
3.670689790380131
3.670690090508072
4.533683028479392
10.241931174513827
10.241932639728319
10.50857733205173
13.41237078427758
13.412371748726846
18.507324136518157
19.27542756294207
19.27543568608979
21.06827537631826
21.068276402529847
26.74319609206108
27.184337856958386
27.184341464047034
30.703450007353002
30.703453375989618
34.36755392956954
34.36755855193032
43.59286170166486
43.59286315062777
44.63741507500157
44.63741827192418
46.15337388804334
46.15338095138673
54.027962056828194
54.93484938517257
54.93485680282695
61.14554807095466
61.1455813662296
64.26038224853971
64.26038539300257
66.05146409034478
66.05146660098856
79.37770007562145
79.37770532900424
80.25822363331714
80.25824220276895
87.02304506668749
87.02305122623119
88.0110391812805
88.01103959500504
88.24430417897521
88.2443139706672
93.275297942333
101.9834374983802
101.9834659759728
108.20085593692808
