5.159588034597817e-12
3.0616075760920154
10.226702668327778
21.38858937270287
36.41760659207207
55.13974070959425
69.74629879575149
69.7463088018475
77.33621402857659
102.74394952472932
105.30987819286165
105.30988220304408
131.05798903369003
143.10450371076604
143.10451665743392
161.9383582672625
183.71484976574519
183.71486833629695
195.0270011197558
227.08816585934983
227.08817653816155
229.97885369105018
240.33959103642704
240.33964527883322
266.5045150146376
272.9729627529171
272.9729691263869
304.3999656859129
314.36571174012755
314.36577731055115
321.01328976456836
321.01329230984993
343.5220391524342
370.77678577525205
370.77679592807687
383.71979133356393
385.7331703982922
385.73322682053896
421.7662392889265
421.7662547097181
424.76319765363934
456.9555512829185
456.9556148434341
466.3266972061181
473.4233179282326
473.423330838959
506.6624894141701
506.66254239016695
508.00482176107727
525.1518324370693
