1.3834419720915037e-14
2.19410928180195
2.1941098693103465
2.6305262505778466
4.127782615928719
6.331345100069047
6.331345158965818
8.8325747626223
9.613993643830291
9.613995072969566
13.147044702418357
13.147045330083836
14.166127175191717
14.166127274870108
21.713099285118673
21.713100413992223
22.522146820782567
22.522150040360884
32.19398148660979
32.1939874833026
34.29478271996131
34.294783923490634
36.98329521927157
38.23884578581275
38.238847449161405
42.18402108656646
42.18402116608253
45.521280515613526
45.52128234350619
48.27306501949196
48.27306715753296
48.79037765035106
48.79037841707695
58.104072061908205
58.10407615180193
61.578542923662276
61.57854906031906
64.25787300821646
64.257873517916
70.18496583827184
70.18496731940175
80.21723953318265
80.21724553274008
82.06933349539156
82.06936336972691
85.0938106092178
85.09381535946282
97.3808979561724
98.57286114244688
98.57286263927536
