-1.5692707550085672e-11
8.177566523527325
27.063714227101627
55.82398528316508
93.31492463023518
138.07787974352857
188.40120266648887
242.39251596710204
298.05435374510427
353.3569728249434
406.3034800926976
454.98321082767256
497.6108131979901
532.5398407734859
558.1913102310801
572.7301104941478
594.9798149628241
15036.75473074118
15471.382134141535
15561.106076855283
17717.10808037807
17737.570953279675
20008.53653696144
20492.404119393424
20520.15928552185
23986.678002714812
24024.827341470624
28471.181527322715
28525.214031362582
34357.85751193577
34436.92926457872
42296.83017242121
42417.23505760495
53362.588034804794
53555.26719204756
58167.34251716252
60698.012526693994
60756.73300577158
63312.62295948052
69433.61894914912
69540.66401014464
69653.63666059525
69761.7472133711
80485.58179194375
80637.60308781806
94034.39601297466
94232.14866359181
94441.19195946472
94640.82253253291
111819.79067379814
