-1.2795320358804929e-14
3.1540900505049345
3.154090113722362
3.382893656579256
8.342326277151518
8.342328768351761
9.060343418910083
16.092165939837194
16.092171904511424
19.49966068373656
19.6149117878232
19.614911829294964
26.293992775817514
26.293994073439645
30.377163668073347
30.37716654346951
38.9328243224814
38.932848775838316
47.04383934083816
47.04384420924292
53.924388045769646
53.92441416158513
66.77648057331811
66.77648257176276
68.73940845749644
71.12538372131036
71.12542376906796
71.22791481729391
71.22792049627569
79.97235920325447
79.97238402433744
87.56075941549429
87.56079186320474
90.35258409384804
90.35261120966194
95.8886364038219
95.88864905319086
109.26922658783653
109.26924670602901
111.39334703164705
111.39341536356174
120.50762273184316
120.50763063008029
132.32037879779426
132.3204065209884
134.0117642428601
134.01181738827086
153.4401510434221
153.440180506349
156.88967561786234
