5.4605625576797934e-14
3.3205457008499586
3.3205469513016785
4.628957699144673
9.132227897394335
9.13222859207383
10.757698157947333
12.37773000337216
12.377731272093254
16.363660036085317
17.011920987936687
17.011921502592063
20.881695323135535
20.88169894688975
24.366090953481653
24.366096366565433
26.87945112169009
26.87947254957298
30.576820678566104
32.974866047736924
32.97486699568658
38.82572663906397
38.825743211986385
43.04959379023365
43.04960343646945
47.629954473047476
47.6299623227719
48.94495841321351
48.94497423655082
52.89183755155628
52.89187698508642
63.05561227964227
63.0556255906638
64.08074123547334
67.8024109625522
67.80241230184018
69.0764261530227
69.07646822237011
73.95099761869686
73.95104012027622
83.21194286920267
83.21195390014634
87.35158971774756
87.35170937082556
89.6598284571564
89.65984452243173
90.81707592662828
90.81707714672554
105.34145421722489
105.3414742041576
