4.247470430929212e-14
2.4249648215828383
4.859534322030277
4.859534322030301
7.444991857175241
10.669135274629062
10.669135274629113
11.97790253430138
15.185663000920515
15.185664624145309
19.475735865398274
19.47573586539834
22.407420079221556
25.29366840619068
25.293669064939184
31.46056445982308
31.460564459823125
32.41225091128569
32.41225091128576
33.857333921426736
37.16650294100885
37.166505011447775
45.877949792192815
45.87794979219289
46.2253913452393
49.226668151872076
49.2266681518721
51.22752892439102
51.22753959005104
53.60885988828712
53.60888779771501
61.82921259912477
61.82921259912492
63.925804546434165
67.7888487391698
67.78884987262934
68.58857658609134
68.58857658609138
72.07404789035209
72.07408785490486
79.08165354074815
79.08165354074822
81.41086043267507
81.41086043267518
83.52689176343743
86.33780595063234
86.3378142800034
88.5871014513769
88.58710145137691
91.97601849106536
