7.266583168519247e-14
3.286546924727384
3.2865471471704764
4.1540442043837436
9.146558670456418
9.14656015317539
9.593721121088395
12.065473095206432
12.065473982314478
16.505252370580394
17.183640296375465
17.183641344189144
19.101728845964598
19.10172979558954
24.346416958460527
24.3464209883707
24.778376258695204
27.335167868093155
27.335172507512794
30.951098057072613
30.951105192200973
39.70096393908412
39.70098347337666
40.09564331826842
40.095643915373394
41.59553730408242
41.59553991954265
48.87184650278346
48.87185757740251
50.16528171825396
54.34090222552826
54.340924080169415
58.703407227042916
58.70341278349829
59.52096255317785
59.52096551447576
71.28000340725313
71.28003576379987
73.0637776272745
73.0637787092641
77.12538204661108
77.12540734923947
79.13824430501631
79.13825689216402
80.21637519142467
80.21637717962543
86.19779293329687
90.52276281533537
90.52279463635713
98.91789769690482
