1.084757283997817e-13
2.7499261016544145
5.9379937652568024
5.937994548854005
8.729810839814126
15.354864433316127
15.354865392948547
16.15643621965752
17.907389206556612
17.907390293297457
25.784906085136708
27.31983884980969
27.319842224693595
34.840310748296055
34.840311560674394
35.28071033071404
35.28071524838434
37.315655538174525
37.3156649120548
37.95158036069699
44.027974404488674
52.65953678549851
52.65954583995014
54.776128633332014
54.7761308328178
57.926118314359165
57.92613014154336
60.176894750253695
60.17689821112188
62.73614454122792
66.1852600778646
66.18527952867456
75.55927316371174
75.55928095261146
85.83171898334244
85.83172068359461
85.91040924162299
85.91044746453366
87.87570124458945
89.42047996568657
89.42048057218884
90.97474875136872
90.97475484423899
103.7233342360519
103.72333857761197
113.20309185138359
113.20314208403458
116.45473204162337
116.45473408655761
117.80687554636614
