-1.1417949918879344e-14
2.542536304006951
2.54253671725179
2.871297878458091
4.192199667325241
6.694701411292153
6.694702367723489
13.553783265262181
13.553786815291375
23.02887762976173
23.028881153127653
27.328875012363454
28.619254880592933
28.61925646582153
32.98682582303278
32.986827726269155
34.99447055742489
34.99448339114497
40.20657403307078
40.20657956264582
49.29221724185269
49.29222669251781
50.189982140331075
50.18998693991062
62.81466411613051
62.814682256393745
65.73314307948361
65.73316243306446
77.92593248963584
77.92594662837472
84.1004128549649
84.10042732062182
95.3386771172958
95.3386964991034
104.15245857345137
104.15246546691185
114.83972665268493
114.83974507372496
125.62655673235307
125.62665581765509
136.19047775396672
136.19049422198373
148.2429744331345
148.24313830420814
159.12983289959374
159.12994731062014
171.70915936730273
171.70923891466958
183.37762486993702
183.37778765149682
