1.807581861967833e-15
5.4603419382306635
7.3386951857197
12.897444272411816
17.943887482907215
20.784651325475323
25.381678158140467
32.546654674211254
32.72366087481556
35.96109857250957
39.46350305301514
46.43012964027304
50.185273351680806
56.4244314107097
56.85413836091055
57.478436602658654
63.72730004420413
64.21416445391506
67.43197945939889
76.72206518508266
79.13961836800381
81.44887636389377
82.71765263428927
83.63718113415297
89.49311244494817
90.06662333741137
95.90929937778962
97.77075270288682
101.46778635790949
104.16415350965883
106.93289533611495
107.30096932872898
111.0578689451976
112.41037952218315
113.69808427610933
116.2792208078955
121.23287555060791
123.05141300601146
123.73392540558953
127.21948237383208
129.04889881097952
130.37445038260788
131.53221850609472
134.0502085686966
134.8558881155648
135.6108546780461
136.8466203620692
140.74174498149378
141.87770501002794
142.10479557972596
