-8.446368604531074e-15
3.400574333924131
3.400575246335762
5.098949737372459
9.240709149915254
9.24071487502975
12.263317071260952
12.693730929890078
12.693736340718552
16.608688735201156
17.049806969134355
17.049815669890812
23.52996842851563
23.529976915031853
24.262426573056917
24.26243771390005
26.708723188442438
26.708734481710746
36.2918776321944
36.291891446161394
38.23518454508198
38.278948884711795
38.27898546045193
42.936697768213975
42.93670480074386
51.75623498178659
51.756239874007036
51.9661791526357
51.96619129217192
57.21643467679273
57.216447042640084
66.61693465807852
66.6169450920662
67.07928640302191
67.07934832253369
72.04743381710715
72.04746859556647
79.15524641335982
79.15526800178849
81.46676515505739
84.1476473054211
84.14766712080564
88.4194899807625
88.41951561196232
102.35663595728663
102.3567216302376
102.82923731783563
102.82925943566707
103.81214962687064
103.81216441429672
