1.5786677520779335e-13
2.7455557940518447
9.018574775847497
10.165684800356681
10.165684800356713
18.164251178879955
22.192405798615273
22.19240579861533
28.93311343119165
31.772221029874878
31.772247949558455
37.4945425061265
37.49454250612655
41.44009275119503
54.083461965462355
54.08348746147612
54.395546714439114
54.395546714439206
57.434367388207264
63.775906802435905
63.775906802436005
69.54690302754756
69.54690302754769
73.7079611136757
79.4264114559161
79.42642560963412
83.06669376652894
88.07196426836644
88.07196426836654
96.92358260066197
96.92358260066199
103.87961244127455
105.90003959347918
105.9000859969574
106.32697719913952
106.32705252001072
112.94285470548687
112.94285470548702
124.89514207385803
124.89542576307758
129.73148591469658
132.5960450850227
132.59604508502275
141.58960477600908
141.5896047760092
145.96963348395593
145.96974753369153
150.0841895795917
150.08423370670187
157.8438667900201
