-2.052524816775758e-14
7.541016654391298
24.170902385754424
29.280143864931553
51.25102124774679
52.744885206342445
68.83367580445999
90.39306254228103
95.49701940227948
99.76696181287723
120.15824611203297
138.14786250167174
141.7308702943487
149.85912434520435
165.22749602834986
184.08369288296882
194.8044191476967
209.77371506301367
217.08269461873454
221.55563848574013
234.7013372407732
261.4721359978788
267.92866151270357
272.69413805217374
283.6367877998528
300.50682424095703
305.0762393484424
322.8937911293439
336.4877196997354
354.3662773927362
361.1426907002469
374.0679070197614
383.831833321354
392.478907687924
399.2527538511564
420.6878421404053
428.53194208893825
445.1786773327915
449.9757069299795
463.41586736844755
473.137534465019
489.4554572884889
499.0232210310689
507.83661284986414
510.85138085054905
536.169219153527
546.0241305096922
567.5815437373498
570.4455468135285
582.7356050351259
