1.3388595787588997e-14
3.026360759264924
3.026360759264932
3.30931129378744
7.042645100893795
8.323012215569529
8.323016692034075
13.369023371136489
13.369023371136539
15.974585518812457
16.367046082904718
16.36704608290473
23.3547914488523
23.354796814918007
27.137373330488092
27.137374369177692
36.95677146500739
37.451224557521634
37.45122455752166
39.20735773216359
39.207357732163594
40.580475700180436
40.58047570018053
49.179070426081935
49.17907990259183
53.62149369207301
53.62149461146672
56.57049611692108
56.57050804350923
67.13563943993016
67.13563943993024
71.77811557535635
71.77811557535648
74.93639263417934
74.93639263417944
89.12236514666223
91.52183609987638
91.52184669066928
91.63592035443506
91.63592035443511
92.1134691577622
92.11348260612507
95.47390608013009
95.47401100467127
99.87171968507192
99.87173974355314
114.51940813402217
114.51940813402219
114.56253928373083
114.56253928373101
