4.7080395138010545e-15
3.1091702271276893
3.1091712676247187
3.361246103145844
8.305524766099445
8.305527755809024
8.59611412036596
16.129041475724424
16.129051678785398
17.772543698550788
17.772547267863093
18.24127672299778
26.54456527244116
26.54457362321026
28.325346410662597
28.32535114457273
39.59313382090715
39.59314454997019
44.349015395567186
44.349022416642384
55.25764302168301
55.257677679346315
58.29440827892668
60.76011843391372
60.760146232280725
63.00889655591827
63.008905227711246
69.7606612311864
69.7606713052706
73.47946744677007
73.47948623217673
82.94352978751253
82.94353655864985
86.32871821113692
86.32874043328367
94.17490675590658
94.17493356046228
104.44102721862785
104.44106128411983
111.74822855732634
111.74823483378023
117.24267108840162
117.24270676378157
127.92282087957888
127.92285550730622
142.56689335715978
142.56697590705875
144.37034479581365
144.37038190334272
149.52869372069745
