-1.805326721449063e-14
7.340703955452248
19.56676415459457
26.486943473499306
42.318837261935954
47.92626185527038
58.08249435620448
74.18065568838563
81.04992401003872
85.7425626024749
101.38005530647804
112.85843293242654
121.59812060872362
129.1952125435284
134.1803206610151
153.0582463753439
161.57167694359575
171.9915442707952
176.49009864609224
186.84019350719822
191.77746559601806
214.10483130501262
216.26273583659426
225.42231442464436
234.13516045664346
235.9492145794795
252.68821191231132
257.40845291773655
277.6992577315038
284.56953764608636
286.28263389779664
291.4536198043469
305.6308599325144
308.28467537661606
325.6288768718126
330.01932199832834
343.33060938615785
345.4505382641449
356.8560852687706
359.91519569054327
364.1796957264834
377.05690064494826
382.3338109113184
402.21694746797505
403.84809038506586
406.61516757891314
421.4985200910148
430.75812357714483
433.22081185086495
437.02807638218553
