1.0685896612017132e-14
1.7815237922632872
1.7815238532206967
6.711340445541288
6.711340752061127
13.977107386572076
13.977109165237772
17.373232314448565
18.273121372410955
19.203476968379626
19.203477461941866
20.626834839293515
20.626834950572015
23.092785278823623
23.09278545190971
24.60018871331356
24.600189532978025
27.948056856651434
27.94805738534532
33.29952673142683
33.29952738067917
33.951827379543424
33.95184626331947
40.55723159515078
40.55723201683396
44.922613207640886
44.92261445084863
46.5386037295654
46.53860983161235
58.03036367976233
58.03036452419988
59.057189246810715
59.05720321874103
60.81123186541993
60.81124021399263
69.48563719618407
69.5251690771079
71.50991291259425
71.50991463419278
71.57645944066093
71.57646046920969
75.33493220091604
75.3349374026231
76.69508567494627
76.69510505193402
77.58780449229653
77.5878077332129
77.777514647296
77.77751603212494
79.09181076520863
