-5.1399856593192794e-15
7.223461630031539
23.07221424627677
34.20035349087427
45.15057419210407
45.694289547394575
70.14259514295034
70.45851619846668
82.24352696856299
95.76599741043346
107.25337436427218
109.76640799379388
119.29862160927017
127.38230818005891
135.40192992121882
136.2617795448728
143.25021327618612
148.58445290124172
158.21128206313477
168.99632710709156
169.96639888841108
181.57835217742118
199.68790819847402
213.49661984906976
216.09276154654813
217.88193535024217
230.3218331753896
259.0659229920107
264.5734438723795
266.0929275400973
273.6635402591628
311.5524266042355
327.63643911564617
351.95194701023206
353.2776641661419
353.6972847534181
361.1079035439253
361.1962149774414
362.5841463264541
398.6796679711515
407.1836576513289
424.9839037720683
451.35848472815246
466.56992913060003
472.7022905980169
479.90535758556973
518.8790692511947
522.2048035345567
536.8178585295694
541.5041626331282
