1.0207112932647533e-14
2.669088391835599
3.7781325197897053
3.7781329350704094
6.329417502891302
9.705491116520236
9.705491214366376
11.394879486058242
11.394881022391957
12.307524437553417
19.45877454703925
19.45877524785252
21.055343342985452
21.055344689286354
22.241250837493425
23.334264665694242
23.33426547792143
31.963369783375587
33.06633349592809
33.06633636207949
33.50532665390713
33.505327058661855
36.70281962831112
36.70282043367086
39.590637023340626
39.59065258142865
46.59762475558119
47.35840776515019
47.35840921989323
49.954780861825
49.95478220564224
52.09429089400647
52.09429464397261
56.267420054244646
56.26743086623671
60.06744098393103
60.06746056652503
61.81703752151044
62.942489721096976
62.94249100907961
65.45597568425356
65.4559792906353
68.51975028602834
68.51976320958363
72.88393186828584
74.76753267155915
74.7675370275974
76.43089021002184
76.43089143546075
77.28975787347457
