2.121566811119635e-15
2.376572235466331
2.3765723148791027
6.939208221503718
7.000680703742688
7.0006821673048805
8.530377951135199
10.028748509097333
10.028748794213122
13.35587101273281
13.355871398310503
15.72895484511737
15.72895523272951
17.467976078968594
17.467977430708228
21.354104228843493
21.354107425531765
27.11792146809143
27.117923324476873
28.91821040619216
29.22808991865808
29.975481744063227
29.97548353020328
30.778721235254224
30.778727589317434
33.5664884757322
33.566489925098736
35.42375814706873
35.42375836797165
38.3342894337585
38.33428944640673
41.36204523150354
41.362049264820136
43.79526284015648
43.795264852713665
46.22602712038726
46.22602834519104
50.84769900103628
50.84769966960345
52.79824501495678
52.79824946020281
57.30289296495539
57.30289455012462
58.46052395638991
58.46053750099694
63.01001586098499
63.01001705927982
64.15726501355395
64.20266186047373
64.37440056230268
