-2.4216739724636227e-15
3.026848247225861
3.026848680754047
3.299532740369991
6.748485744098971
8.323452124951816
8.323454803499681
12.653095596187374
12.653096681506636
15.719926491537526
16.28808547288962
16.288094515006218
22.42660980759162
22.42661580531343
26.775042118157117
26.775052952464222
32.4956490299774
34.57964096403117
34.579643140289576
35.799110584135455
35.799116795629224
39.55061495188081
39.55063727142979
44.6772857271638
44.67729349576684
50.945783369206566
50.9458035833905
54.27692052237995
54.27696518866461
62.2503052520762
62.250308045759596
67.73536187664757
67.73537198521859
70.54587140421636
70.5459089525719
71.1572020114333
73.67230037386763
73.67230398550304
82.02013155140654
82.0201367526398
84.27945280957788
84.27945827496559
86.03378596142142
86.03379019569489
87.89935171567267
87.89946661552811
96.93883206769857
96.93885794774134
105.47072332076634
105.47075402065178
