6.3889865620225805e-15
3.2822821898697305
3.2822824065300584
4.287194296893495
9.076484662601436
9.076488684067826
9.888364309890905
12.12377233737871
12.123775166112862
16.491467879595728
16.939577887785283
16.939583676300042
19.497487737129884
19.49749461980652
24.105752500891537
24.105754801230766
26.264586361422168
26.739089895242053
26.73912270951329
31.224406259062665
31.224416383719223
38.48930631831475
38.48933193866368
41.585859702559674
41.585867187336504
42.08241554281289
42.08242116447133
47.5475721450716
47.54757643612881
52.14140620894475
52.14146106060077
54.00216590557697
59.8724661563955
59.87249117450037
61.11656504609209
61.11657772173393
67.58749997059613
67.58751584971999
72.30305347988823
72.30312315349882
77.75029049103688
77.75029258076559
79.12253312235367
79.12254350178226
82.93911128830575
82.93911648681905
84.67341825547666
84.6734685173149
93.87886674711106
100.16387684924021
