-7.0457528700274e-14
2.346246735275518
9.028454228770558
19.033242230963666
30.85100893357877
42.72051818486583
52.9351020229354
60.21186285153595
64.13701087856775
83.6951895823739
85.85326180286954
87.19123815046648
92.50052673729432
94.27090078200361
102.64192697893236
104.48635141057105
114.91616976235991
116.44829763965667
127.54769693410064
128.38762580694012
138.40403782803895
138.66276017607487
145.2283113984575
146.14347244639595
147.85691507622133
309.38395685745206
309.38395872292074
323.6512374368591
328.8306327854327
333.1317768967188
337.2650709573389
339.7605611139681
348.2405589391584
349.9360474032511
360.5657037247023
362.24823484914765
372.66538395112485
374.8418228984133
382.56524105993094
385.8012395307973
393.20628734408984
394.42155060197837
394.5053945474867
544.2232106391546
544.2232135790856
699.004774220881
704.9751694544509
714.3200101990896
725.9880699771832
727.0991659489446
