-2.8845155430889946e-13
2.353234854881158
9.38690804335026
21.02305969019484
29.378259378994073
31.00137638255183
32.57861616074025
37.131718570328516
37.795934706512845
39.93344984000701
49.0753195895244
51.86676760211269
57.5280240567219
64.76899197121894
68.33934189958414
81.95281055169228
84.77265331843208
89.19079171500479
108.9444166557337
109.84519503323365
114.19675390774883
116.21861044006883
117.09010297113868
121.40112383592395
123.76710793039888
129.1266114480148
134.86365325380885
137.10165868385062
142.18230022467844
142.22160457928132
143.07818830157595
150.32613271187125
159.75809614343905
169.01904327868732
170.0695374727971
174.06906538748729
175.49549813380355
184.03092205407
193.9711350855437
202.57323224324875
204.42677759908884
211.00917308396313
218.9946218811012
221.86540603524693
232.2537272095546
243.00149443032086
248.74014892075596
253.54158272565536
259.4274913895979
259.6778902072207
