8.31799906730879e-15
2.36617757217935
2.366177581714136
7.077881478107169
7.077881584979372
7.0887715516308445
8.645680949704518
10.104665599727014
10.104665646364777
13.675774995344362
13.67577505827316
15.52147308699584
15.521473635954097
17.554006110414825
17.55400615809224
22.223312408185407
22.223312535215467
27.484685605469192
27.484685831277567
29.5866405719507
29.884021821299804
29.921990683304635
29.921990821539787
32.69291719119947
32.69291800171697
34.04679580966438
34.046797071933625
35.68779852772381
35.68779878163613
39.37012213022016
39.370124371981454
44.23379579153585
44.23379584981319
45.04279236735108
45.04279343209778
46.48469158591084
46.4846916372412
53.139578407350164
53.139580227334
56.656638869389
56.65663894865131
59.22332493649142
59.22332571178533
59.74003206978736
59.740032191122246
63.61682806865838
63.61682907684003
66.00985679188038
66.05245939079606
68.75571719664427
