-1.049750564252605e-13
2.2402626731451996
8.620033056103422
18.179221293610137
29.51712733548961
41.05480653761234
48.13203480040786
48.6390481545035
51.327191291058334
53.04471745278438
54.40616477976584
59.22858677674375
61.18718969374056
63.53319775026393
64.12380937444092
71.94864480697464
75.12095629836288
84.10057835389087
87.78055732371024
96.02289582505044
99.72071283336231
106.02264266415638
108.80998644020902
113.49425201797578
114.44763162485016
131.91221922775998
131.93614697050063
186.3986517847843
186.57717160161192
191.9701318314725
192.77446560556317
200.68956094723015
202.61982770387783
211.9885766718758
214.74473329851185
224.56197499895913
227.51344003808973
236.68807751085976
238.9650166749033
246.34172881882927
247.033538242998
260.6868582959303
260.8166826912624
309.32871801606694
309.32902503226336
408.4140279408571
411.96697767027223
414.51863588323886
418.48622793187826
424.05612860622495
