-2.9472951856845953e-15
6.187457972118369
10.41759503214539
20.405458850910485
20.770493029437375
27.7758824967836
38.54316834810512
41.396471015373095
44.70644815688923
48.4979359270265
53.653471278535015
62.509502068978286
66.09255926439577
73.15074713191778
79.60051095817394
80.86697362556812
83.82828464361039
88.73739625817647
93.74763258881225
96.68119268267428
103.86167127291483
106.06777395462457
109.62200818237416
117.51743983669024
118.01597044648163
125.62380848398394
126.30122799706454
129.10032718790654
132.27219758745878
136.6347293501739
138.32933663036184
139.76189051346756
145.06545780436602
147.1090951831199
150.33177288249456
153.62946352994084
155.16242798411668
156.1241722330486
159.94233751206832
164.1093075292015
166.12627039620742
167.13606300605014
170.6849748844687
177.4878606568358
181.89156436673213
184.01507087616898
185.27880753142756
188.35640253703724
191.78042003197487
193.82644596340174
