-3.877106968808164e-15
5.788146562041376
7.329509923182743
12.487147271675461
18.589171433877205
22.18857380982923
23.830240248185696
32.389947182596075
34.10962345950298
36.676908793490135
41.599029708122124
45.38635124448845
48.77058869711296
55.52437861117662
58.211738741799955
60.290468890874415
62.28093288061612
68.7856248791565
70.56950225070034
73.41047485717183
79.39785088901355
80.07532290789948
83.42576541230297
88.17050352982429
91.11226726763567
93.77355524447516
97.00734848838317
99.03540966156864
100.14145457413942
104.98313661593802
107.17541565018732
107.56494789604771
112.71052745127986
116.4559144673236
116.73772400716219
120.41569489544374
123.37748050758668
124.37826917768636
125.75162104322239
127.82860385642111
128.78828671686009
131.20090220582165
133.47155912030962
136.5333424345152
136.98004655156097
138.43324414487358
143.33473470201218
143.85662270297013
146.01128322086637
147.60583378387938
