2.2164561852555664e-14
2.416283818673836
2.416284016602388
5.190867193216936
6.842402634544434
6.842402831141071
7.426510064523379
9.105444305762106
9.105444617461734
13.062575251077531
13.062576067180057
16.685722090010636
16.685722504037013
17.75646091806218
17.756461627106173
20.894322921932933
20.894323728117335
22.452205427227327
23.292606129028982
25.999194726745216
25.999195653591933
29.47591589707869
29.47591593624372
29.997094266194253
29.997095653382047
30.091090826596467
30.091092403843913
36.81178635981303
36.81179149622629
39.253075334996595
39.25307616916664
40.35735211355087
40.357352237900024
42.102992296500545
42.10299370561719
44.9002097496064
44.90021034959663
48.865169401235775
48.865170259327435
50.22385873956014
50.45185141506508
51.357827190321665
51.35783203426383
56.01867178811808
56.01867430279206
59.906676826613506
59.90667904411305
61.08174449388932
61.081749817540725
61.844221845886835
