2.6489227478165844e-15
3.398984292001208
4.523800839694948
4.5238025058936575
9.560566445092366
13.102495020025152
13.102500933546919
13.904121021428102
13.90412363006099
17.241442351496204
23.161374893211768
23.161378969589187
25.11544199480316
25.115451601894716
26.717464293735507
29.464379593339565
29.464384569157026
33.35821410463785
34.5903371731759
34.59034407564248
40.28585708001975
40.28586514690717
42.305760674706484
42.305764873267556
48.874178760631466
48.874183769958
53.69159552081467
55.63587826036049
55.635891387492336
56.026009057448384
56.02601568791845
58.463384590262855
58.46338732763028
71.29792354858057
71.2979318391158
72.13539196598114
72.13544339780424
79.39903778930203
79.39906278617022
80.26069906366396
81.50926715619516
81.50929051658945
83.93255879330091
83.93256554474743
84.03330509305722
84.03331406529117
96.67264571498609
96.67265201747989
102.73458360998266
102.73469946370054
