8.811354423876594e-14
2.247054719214237
8.466719677650692
8.888325124626748
9.271046543966243
12.116887150552497
14.60119296358612
19.594898221740838
19.70911842559576
23.754459805788052
31.598790901295555
31.628183533953074
31.947765469166495
33.89256270611893
36.433164422900305
36.915183262632915
38.10091695064939
45.26733157292102
47.65179964652619
48.31095825703441
50.324828556533305
54.10757495119228
58.53559005598128
63.1133788738709
67.13625435344902
68.4261925049773
69.43738016269674
69.98031673745227
74.22736642870916
76.0318312014884
76.32441245151104
77.06119772922199
82.91007030771142
84.56406693221881
87.29480087684468
88.6514910192163
90.7714358731013
98.46612651283549
98.49429910290489
100.14982171915457
104.10707571937844
107.05910452484784
111.75377161768881
113.85908877125482
116.73499128527222
122.21409059959164
122.61990359861576
124.53009952744763
124.61622819144668
128.14543286682132
