-3.343506027597698e-14
2.5799458851212558
9.927126607161938
20.923627708253584
28.77733401284508
31.387711452279106
31.41172487399461
33.89731694387132
38.74119559130915
38.78427219370139
46.879120620822526
49.74656768436379
49.891132462325395
57.91290342321445
62.72992970809949
63.10730321188752
65.40780918135852
68.76207382719612
75.71981203699104
76.45037636373846
86.75637046036265
87.86356497166224
94.23929088219937
95.54282449908763
97.54671749986271
110.74801793277803
113.4278028700112
114.45930654894529
120.7803109340528
121.83179499773868
131.78071760349422
132.9386746055563
144.75743249618802
146.15486296895585
157.73947100276592
159.49794193558643
168.76583651211809
170.91114683373965
176.228805724195
178.59043266775788
179.48559830595892
233.55146449116262
236.30478191052856
241.43146692465336
243.65759652038352
248.8038825962708
254.6510052190523
259.9107065838952
267.61805210707064
273.12689263681744
