6.171452238135089e-14
2.100405006794949
3.9536839143917017
3.9536840161360334
6.520142883177061
10.721268476765555
10.7212684806816
11.772425640073225
11.804247926686015
11.80424890106319
18.973993307278246
18.973994713800934
19.32072577477067
23.121193239254644
23.12119552354084
23.871481620580383
23.8714825229295
25.8052319457405
25.87617700982097
25.87617741037543
32.84466132778118
37.508638496178555
37.508640576939136
37.80698021789728
37.806991313059804
38.331580473488835
38.33158079933823
40.79630117578187
40.796303168292965
44.38034993074241
44.38035265633097
48.652862597942104
55.89871648452446
55.89873126080495
56.01998926465201
56.01999079390655
61.19188909232956
61.19189591515639
61.211213022143745
61.21121317166623
61.81252485792353
61.81252727102871
68.5443960873689
73.74501489749309
73.74503818375327
77.4001117830632
77.40012085033085
77.68121130056352
77.68121717937893
84.40796851030123
