-2.3482951694298038e-14
3.2855599172052736
5.564846632166823
8.755152436270201
8.989463284230583
12.644051082938532
18.19215742270902
18.482867938382324
21.437248015494557
24.84242193892325
24.952867912054334
26.862891574402624
32.68290916555074
32.883602727929144
34.25690078141001
34.526426707687726
43.58513950165217
45.2633861608956
48.64850669954648
48.968339136394874
49.34392055364955
49.653033676568036
50.099315725225146
51.14643650526116
58.94584054631822
59.53569839334057
60.931373412295486
65.43253188725193
66.83997038026011
67.196606760339
70.62192780719009
73.20511353032461
74.21159625906432
74.30219543307734
76.88560516348727
78.1820992675917
81.86872018129148
82.640772409233
83.2693265807037
86.67846991883648
88.06050594002743
88.36969339777869
89.49227149594427
89.83530204638147
91.27727575003979
92.42223552801266
95.1804093724722
97.412962752914
98.95050488190253
101.11838203009064
