3.032799705815492e-13
7.946854891861126
26.3063682572123
54.280422173096895
90.77544715756312
134.39388816989666
167.8216436666081
183.50042786410378
214.61362072709065
236.25163848775287
268.1508510902952
290.8087462735598
311.660228288934
344.98458549995644
363.26889516975893
397.38084831160836
408.3493641341173
445.2030226264737
457.2469581121335
488.68380889237847
504.12907705404916
524.266848610302
545.9779322926399
553.1963453289823
570.7937602536961
595.699518713995
595.8201994755966
620.6698771431908
636.1004820310699
678.1375480139379
692.3506885591053
694.224892267562
754.9282485480785
755.4302761057108
811.6234370495742
843.6353085700722
846.2715606954473
874.1411745304472
961.4633669342496
979.5801294785723
984.3867271116605
1009.5275006624664
1074.1720245135855
1081.7964416435273
1195.7825491629967
1198.61684955238
1200.9577013832532
1204.960198426032
1355.470812640337
1362.4256604694156
