4.388850394221322e-16
3.39880697462534
3.398807653945448
5.116878660139269
9.236617444967811
9.236623890992833
12.350422835871669
12.684190779407066
12.684190987108803
16.58365038691518
17.052678904842665
17.05269034442909
23.712409847927233
23.71241111292042
24.268785589149395
24.268801419941994
26.745134189594722
26.745138581422463
36.524302119130475
36.52431659429162
38.39793237279928
38.398023223995445
38.8588624673214
43.11280259870025
43.11281683160022
52.03433141107637
52.0343355092684
52.26376317074241
52.26378018994468
57.956105427247344
57.956110317143306
67.10868929657994
67.10868969452531
67.62607135544992
67.62610542477145
72.63720696870003
72.63723168171352
80.00907516483876
80.00909935012777
82.91823137001175
85.11205170214608
85.112081938038
89.00820920835302
89.00825917795629
104.10046602127696
104.10049624675472
104.40679427637221
104.40688660835139
104.80538917540774
104.80541347622999
