-2.3175905639050143e-15
2.2204827573184147
2.2204829154147223
2.471415511325121
4.397880714677447
6.665748080525324
6.665748297483343
7.166740922548114
7.494288381084941
7.494288751249851
12.425757528981517
12.425758028865266
13.912836046117578
13.912839065574435
20.534273480570523
20.53427945281655
22.57470695864272
23.738376527535035
23.7383787793617
23.93432408484546
23.934324506682213
28.449433246432125
28.449433663228035
31.651965006160715
31.651971557993
35.875222411193185
35.87522692024325
35.99372197190522
35.99372697011564
45.54080617575585
45.540816194061364
46.57766328232823
46.57766905939476
50.05636299086812
50.056379628767736
55.182688128532725
56.540036943331074
56.54003733189202
60.17216482392394
60.17217489138731
60.679315326840715
60.67931559763093
61.89298187742868
61.89302008261998
66.04383662145061
66.04384100025894
67.5529101667528
67.55291322339058
76.66631913718957
76.66636202138363
