-2.041769531224702e-15
2.010977836869633
7.306700109192709
14.081655156896488
18.577918109962628
18.577921902633925
20.410951953273575
22.825980100093165
22.8259915812393
24.896351498702348
29.468799590465736
29.468818455896802
36.87756182270689
36.87758631217692
42.80927677663663
42.809311409702445
44.4249961102276
44.4250174307797
61.86040116406203
61.86161229002641
69.06620239864178
69.06622711832901
74.0601014239209
74.06013041701878
81.39855993860047
81.3985929663516
89.17374613717332
89.1737799056152
97.68012791068722
97.6801931715505
98.18358624316666
98.18364648993271
148.38246285191588
148.3825950811591
153.9651326570004
153.96527447157516
161.79138281442263
161.79153137199938
169.39693644277705
169.39707862908256
185.92124038842334
185.9216094164967
186.00556054487092
186.00592635888412
250.10019508639206
250.10070615451258
256.0301695909852
256.0306738469463
264.06230096933524
264.0628019242096
