2.5436978912107833e-12
8.073120437524109
26.97760563712052
56.45973852386303
96.22352287643929
145.87724322996348
204.93440083396987
272.77572009117364
283.89192176131985
348.9109053424815
354.3155883748249
427.56415805549733
432.681339184387
490.0996026830386
522.5645386910512
563.2672334354497
618.5777032915029
626.6083615045168
701.2969538842129
719.6602045819701
767.4304867374279
823.6758905124502
844.5353631401063
912.9923949435813
931.4227586137033
990.1190729868438
1039.1563345399838
1062.4279431679681
1073.736933948054
1143.222642675812
1154.8869061876126
1185.995461747904
1218.8414918323533
1262.897391055157
1296.0406791454811
1357.778947623201
1372.337028625369
1379.8708072608265
1450.0102139601304
1467.7993764403077
1482.7214582151396
1531.0079221025865
1582.5355859230713
1605.9562416168505
1624.1008447439453
1684.346089049225
1688.6806681257654
1728.7579543110446
1755.5290901116969
1784.4979067441914
