-3.0704605524789486e-16
3.750096032810149
3.750096307861532
3.7640819899584894
9.356006337101203
10.651796837902689
10.651801524995072
12.870112367393784
12.870112941617961
18.24363741093616
20.0578015578503
20.057803049419647
20.250867823691756
20.25086891828678
22.275231379893125
26.61325255501117
26.613259838672867
32.438232371407956
32.438233572167654
34.5470122332852
34.54702681351705
35.7339528762114
35.73395450922111
39.55175088774747
43.91398798559719
43.91398837793638
47.25943294813082
47.25943946229359
55.088116744140606
55.088122465966904
58.47853476432913
58.4785741474916
62.24858749985331
62.24859192428838
63.32438261218608
63.3243842253625
64.70968497934813
64.70969135895784
67.19149821412114
78.03759648675397
78.03760026136008
84.73470595537111
84.73473735542782
85.31105129586633
85.31105381902955
88.80695399418659
88.80696206485375
92.6909334331601
92.69094358673061
97.1849503445334
