-6.621439507803473e-15
3.452965771691485
3.452967271334884
4.338555128583228
9.563461664617696
9.56346541188845
10.005511035700684
12.592349783898557
12.59235316708093
17.397905321795346
17.842909645725506
17.84292104723122
19.838821272538983
19.838826556192508
24.67521981091219
25.07386997317836
25.07387041083868
28.119300995175504
28.11932173927381
31.813856833779944
31.813858812913004
39.660419932243364
39.66042352736284
40.36759295910342
40.367618376652615
42.16736431070415
42.16738223102104
46.76180684510162
49.373291487412
49.373333440319676
54.48868526197389
54.48872803420303
57.46216528664975
57.46217447632074
59.770930114044106
59.770949963094004
67.89715535702197
67.89717263329686
70.30924666559154
70.30925954456181
74.19832247344951
75.39369675288637
75.39371863790907
77.54200855035553
77.54205304916344
78.53355434883083
78.53357721323361
87.5894000117541
87.58944687877522
90.37363082850605
