8.67552557570761e-14
3.480239055172667
3.4802407257459063
4.65697856228317
9.624060023974154
9.624060780989357
10.739050996204169
12.906486524546517
12.906493242471237
17.27834847927115
18.00371469138889
18.003723849728168
21.0504720197367
21.05048322922736
25.729039708387717
25.729047395076524
28.55180489284509
28.55181230499805
29.120844123129363
33.5946353571334
33.59464131640531
41.37937607729039
41.379376246208004
44.85870253376088
44.85871378255896
46.15789695374963
46.157910681318086
51.2673147401199
51.267335548201935
56.55253377283196
56.55256000186882
59.80213754883181
64.5775102524304
64.57751695349205
66.48271138093672
66.48271565260049
74.0993200564691
74.09932942102124
79.75446522781115
79.7545341669683
85.15903584949879
85.15905357556608
85.47412426911045
85.4741254311698
89.79881614931347
89.7988273030509
94.02564993352257
94.02571019447264
102.96006597670124
108.66225475958085
