3.2812294548101306e-14
3.39067065441224
3.390670712608332
5.099773697823365
9.227709253359983
9.227711712624963
12.310733028791711
12.653614510131268
12.653615363248088
16.503489163415544
17.07100743883414
17.071015858837523
23.645232898813575
23.645234588770748
24.33051260629376
24.33052395895713
26.85101400014739
26.851014493801767
36.42813846544332
36.42814489576185
38.676752643805976
38.691678589677174
38.69168905151004
43.52103436733611
43.52103916311812
52.21992754658648
52.21993839838161
52.66602077470407
52.66602136939947
57.65715567009088
57.65715716775422
67.51096173810002
67.51096345809978
68.80656505543631
68.80659189169306
73.71281091993302
73.71282118634159
79.54635494922763
79.54636528914439
82.12647561185578
87.12385493193578
87.12389433283649
89.15232766246547
89.15233348571512
104.20243324606732
104.20245040077896
107.61548399311127
107.61550705222344
107.77877540977316
107.77878240709049
