2.567043799750479e-14
1.9989436301580656
2.0005272458064822
2.00052730160603
5.985220879492589
5.993475798351152
5.9934761582211316
5.998674138131624
5.998674202062756
11.93663165560247
11.96309116623283
11.963091267110055
11.977249988094433
11.977250185918752
11.984744536688703
11.984744994015092
19.821870549507622
19.883946465063143
19.883947379575837
19.9105148640663
19.91051509153557
19.94016637113002
19.94016763230366
19.943589889704334
19.943590113823614
29.600236280687515
29.721088211141343
29.72108961489694
29.763248243586624
29.763249114802914
29.83712315736547
29.837123692031753
29.838282535400424
29.83828306747841
29.869538685497172
29.869539538408546
41.22190403800049
41.43020641086859
41.43020684503332
41.49076885863889
41.49076901124275
41.627577043964735
41.62757747099413
41.638280745632336
41.638281410589144
41.713383631984925
41.7133841775931
41.72493306205196
41.724935101349395
54.62822153029051
