-8.81759942839011e-15
2.2679666025311
2.2679675543867623
2.7287385541366853
4.070118611003606
6.329072671309122
6.329074644025918
11.95449469902631
12.975486323209294
12.975488847530139
13.043265416011806
13.043267418087838
17.39211535863761
17.392118919817207
22.32839845686826
22.32840719525444
24.721494276050073
24.72149760905194
34.06878556566844
34.06878766230917
34.91606714119905
34.916081306050145
47.90918419883274
47.90918823163521
48.11609923710637
48.11610364781176
63.614931921356714
63.614941932385484
64.29312823243241
64.29313305024775
65.04910898175206
66.24303500875564
66.24303824883305
69.90025443455524
69.90025726766773
76.00360127046889
76.00360332234557
81.92802911801012
81.9280430970551
82.40185536399792
82.40187241525646
84.56594295585953
84.5659509797585
95.6064718841982
95.60647381898323
102.23647055307427
102.23649592804497
102.72355726049018
102.72358908901887
109.15020233260995
