-1.3601966775134144e-12
2.3683585526228685
9.382275465283044
20.77194362565476
36.09977636727332
54.77804860567283
76.0929476486267
99.23301564379086
123.32354837993016
147.46280014836466
170.76157304224824
192.38527178963082
211.59298390591704
227.78849823061756
240.5520108965129
249.665900311278
255.09223801861407
358.7193023361208
358.769389759592
365.18664418171915
365.2860183070601
375.78900301953854
375.96169904499317
390.24772260974504
390.50718586879844
408.1535953856042
408.502317663032
428.96225255264494
429.39303357676005
452.0007156279588
452.49852592515185
476.48271845638516
477.0263530828808
501.5333826563529
502.0965403379879
526.2170019922722
526.7688972548178
549.564591976076
550.0706395351564
570.6031695406259
571.0272136059472
588.3698731085161
588.680272035794
601.9453271856481
602.1277409043055
610.5042261708503
610.5796047782526
694.8523671172644
694.8523745135352
721.374553660156
