3.041837615125331e-14
2.2335952271644377
2.2335952271644715
7.092055905797034
7.09205694658606
8.97208051940162
10.267951031853576
11.538299774867678
11.538299774867708
13.645174687420894
13.645174687420901
15.041089917367389
15.041089917367437
18.45280563401547
18.452806194309133
21.87828440920923
21.878285487295194
28.232320973158913
28.232320973158977
28.465194138568176
28.465195456281233
31.65553437364011
31.6555343736402
36.96975662712472
37.129565822295895
39.911342942536216
39.911344918447305
40.32650782159639
40.32650782159643
40.87378761821278
40.87378761821289
42.770103812510804
42.77010817563365
44.62917274409448
44.629172744094525
50.22982209387182
50.22982275945641
53.0698890501455
53.06988905014553
53.529183992733415
53.52918587836022
54.977349262926396
54.97734926292649
60.79186248144995
60.791868682219324
65.61697227542845
65.61697227542855
67.44491893878855
67.44492103866872
68.00447527310178
