6.536264585133011e-14
3.7860066637991308
4.5942670166217825
4.59426720194659
10.24519649853089
13.270877155580694
13.270878684545934
14.665264735546375
14.66526557255053
18.989279514363
23.825783072163272
23.825783171451963
25.502492837051722
25.502512769765772
26.948250015828016
30.922996534997047
30.922997628752306
37.573079508023184
37.57308020327243
37.871408739798795
41.17626555508284
41.17629366006151
43.24287388174569
43.24289259160954
51.275185954987904
51.27519730338478
59.96536634943158
59.96536718643608
60.360099533249674
60.360113478133236
62.895386425953475
62.8953868714743
63.12139255661872
74.92621676794933
74.92623571540055
75.24776010419586
75.2477967798077
83.07288090186323
83.07290066072666
87.37275089750553
87.37279031710311
93.24626092404354
93.24626650518123
96.32208002436174
96.42995800001376
96.42995933969178
102.15056294845873
102.1505684727265
109.28281823917185
109.28283349635959
