-3.1172980863303223e-15
2.536453634835316
4.299255946874208
4.299256541577394
6.970289679728687
10.139983000410496
10.13998491717217
12.191183157069993
13.19074794829495
13.190749140035583
19.601967983752278
19.6019701560869
23.142673872389913
23.142675420550596
23.249792955301764
27.0580532500278
27.058057953236084
33.79536368945841
34.305410294442
34.305416433596
35.45279647724557
35.45279770061177
41.183319939357645
41.183324688396425
45.704165350486605
45.70416856077189
50.838277620669224
50.83828146224691
50.855664785467
54.50546825571523
54.505475453799136
57.638416052925194
57.63841675920088
63.76891706948319
63.76892746309493
68.76335177613525
68.76335890452947
70.3555732593314
70.35558388358034
74.99579255449375
76.40357519460929
76.40358128303828
79.29624302379315
79.29624414371253
84.34785919482123
84.34786368456336
90.52929748232378
90.52930007906626
94.21994547062906
94.21996283141924
