-7.733258478026528e-13
2.7393372864639667
9.092542494836156
17.42105762938367
17.42105845536978
18.796907660402947
31.37395371527583
33.16969161764097
33.16969461395904
46.04071781794762
52.14227914152282
52.142281854216925
56.31951745339187
56.31953024122813
62.23341571102733
73.95654474642942
73.95654541556006
80.65975069200155
86.6538023212065
86.65381232095848
97.46552766851104
97.46553273009377
102.08789093663891
115.12300904820708
115.12303053833027
119.17760435096805
119.17760878213133
120.28505679530167
120.28506185853408
125.5479498273504
142.8784901683679
142.87852073046741
144.54900842231558
154.00554137663696
154.0055559694457
160.21114641100638
160.94653197418893
160.94655896060192
170.1353962570362
170.13542876907442
186.59797847782008
190.2283968423428
190.22839785895863
193.51928882925355
193.51933754668565
201.68666738097684
201.68667264714497
207.37089184855446
207.37090993985151
216.35836166081396
