2.1442222997158922e-13
2.9805640673249463
9.825173407486195
11.778945831328587
11.778948251059
19.927387038266374
25.280764441058622
25.280767725476778
32.012718359099686
36.997889174894425
36.99789328075837
42.43295854076817
42.43296172563655
45.83900418765913
61.69808481396308
61.698096942159665
62.215739185478945
62.21574324176937
63.455758859089535
74.5230321211317
74.5230675852816
79.22659954108067
79.2266290502988
83.2741644470488
90.84669308918461
90.84669504206828
94.18139599397793
99.44338776880211
99.44340596809418
112.16262418926374
112.16265206588831
115.50898633617994
121.73378247867086
121.7337861349397
124.13853285065352
124.13853941527847
127.19197969570648
127.19199434290873
144.90563338025177
144.90567220100044
144.92531963337387
152.70388977833036
152.70391897459862
159.79468663738874
159.7946981380396
166.98670061277093
166.98673528728196
174.52825524760902
174.52826646465826
177.65433963014226
