-4.888450755302642e-15
5.888888656073475
7.564609668909193
12.767177110223393
19.421127806889515
23.174360652425918
25.17227578746831
34.01373661348348
35.81170700770458
39.56400847840812
44.527432739230285
49.359686438507026
53.07291527445828
60.686292609885335
64.53733284957721
66.29884629575291
68.5592428181702
77.68411908188307
79.03836797070652
83.40658157406158
90.3169593300898
91.83137245940895
100.26223862052127
100.59420200192478
104.81435619364878
109.06246938455024
115.19511236111968
118.151370173917
121.1640831190151
126.78627247438195
130.68108253079984
136.37684499335893
139.85015836126817
141.11133500129444
145.6734603322453
152.31094669430817
156.8279200369859
158.76819252870177
162.09796769366463
167.09620737195635
170.77776009482523
175.44428444189182
178.5096090439779
184.34946715220727
188.52354732833953
191.1870900091079
192.6528642096906
196.51374425311454
201.82296429947542
206.0122454050276
