1.3369513829353252e-14
2.4474675579919953
2.447467798644839
2.838419509908676
4.144886936652752
6.530491084160173
6.530494435620493
13.237571801140493
13.237576699041146
20.48882786763355
21.709443844697695
21.709444637899114
22.424153208714383
22.42416519000089
26.049894358957033
26.049900597035965
33.18875130091099
33.18875834314662
33.892633034673345
33.89263630667722
42.98518521406286
42.98520187832296
47.3970367977613
47.39706158717073
55.24606683975947
55.24606886141146
62.64907525875555
62.64913672187364
69.72980280952208
69.72982892593917
79.32529605233921
79.32536750360664
86.1513062713105
86.15137973074432
97.07524011661664
97.07527807876365
104.18773906977579
104.1878195726096
115.53036698603918
115.53037741885159
123.48496877934635
123.48500956845713
134.31341913743694
134.3135130985157
143.66468927030982
143.66469816746695
153.0478593013075
153.04809810529815
164.33199890976238
164.33210601630628
