1.120284420785822e-14
2.3850023643816454
2.385002571611489
6.880439302070773
7.0779077702247415
7.07790864713838
8.437740016556422
9.966517603411166
9.966518195892391
13.64865595077602
13.64865614957676
15.605197918716087
15.605198527335336
17.4370524571595
17.437053986491065
22.131302934231766
22.131306604056864
27.27822130719781
27.278221593420092
28.230396800710867
28.527325061491815
29.72427612620107
29.72427708146722
32.468567769736275
32.468571722200494
32.863356655629644
32.863358304467816
34.71797294301069
34.71797467186831
39.00074174001723
39.00074515237997
43.608121870795706
43.60812274498757
44.58335016150789
44.58335274418919
45.43906406410767
45.43906830208962
52.514616573668924
52.51462425735297
56.40098209765171
56.400983929957775
58.38422114466107
58.38423128112898
58.707952039892206
58.70796222330926
61.0897928969472
61.13118556582838
62.14525179840297
62.14525675708093
66.0881062918132
