6.173186961611066e-14
3.9762926557975016
3.976293152933853
4.222654820318493
10.24979228041672
11.249908246970957
11.249911780429848
13.914857126049178
13.914858760302373
19.890967781876974
21.353885949429014
21.353888111544386
21.54927093368537
21.549276588461165
24.30056916197458
28.674903289379145
28.674904731335204
34.20292320549455
34.20292856611393
36.644501673519784
36.644510222444104
39.947487837778674
39.947492525544895
45.55412822101963
47.453053644597965
47.45305382930223
49.88847389351741
49.88848715283411
60.9336400457917
60.93364805196993
61.67839486375175
61.67839936962836
68.27578228366008
68.27578753166073
68.45671933030427
68.4567481441561
70.45343116124758
70.45343325041509
77.81604018892023
85.70583427000496
85.7058386000634
89.9109863514045
89.91102166345235
91.84141878491312
91.84142881695581
98.39509953940437
98.3951736893743
99.38441625588642
99.38442903088819
110.74697830764516
