1.841755914444576e-14
2.4041642717568688
2.404164433760267
6.3093920663835314
7.015107560662781
7.015107763093713
8.060057324182267
9.619269044295933
9.619269277512794
13.539875704218662
13.539876357065715
16.357558500083638
16.357558543175575
17.21769009421699
17.217690364267284
21.98797954957448
21.987979875066703
26.628732481536524
27.01761769089969
27.017618542732897
27.05179414498059
30.00651992426304
30.006520830848153
31.958649660328412
31.958650314533205
32.305809619185766
32.30581245186876
35.108753730658535
35.10875416105658
38.69819200291431
38.698192278425864
43.59099177140658
43.590993293697174
44.42595153056864
44.42595159602976
45.68669273338094
45.68669398361455
52.20441738869575
52.20442224686564
58.26865438201773
58.26866323923085
58.69787747275405
58.69787843735091
59.50054285327461
59.57644591630398
60.3246673267903
60.32467161371182
62.86195838710515
62.86196136874057
65.4600107286662
