4.6499262773558314e-14
1.9992089909492117
2.0003951245486205
2.000395124548631
5.988928654619161
5.99511373361626
5.995114168610776
5.999011115310018
5.999011115310031
11.95251229866592
11.972350499908462
11.972350499908478
11.982979318018032
11.982979318018053
11.988580203771306
11.988581000206342
19.866448945748434
19.913035125865875
19.913035670715704
19.933024453612127
19.93302445361215
19.955189157527126
19.955189157527126
19.957772209071482
19.957773271783108
29.700117463367505
29.790921126951382
29.79092112695146
29.82274226273059
29.822742262730657
29.877968170402504
29.877968538671993
29.878925367422674
29.87892755498449
29.90231202403814
29.90231202403824
41.415945195698136
41.572677689969815
41.57268147867081
41.61858861200154
41.618588612001616
41.721114981436344
41.721116554888155
41.728878649580174
41.728878649580274
41.78539806934059
41.7853980693406
41.793951989049276
41.79395333563873
54.96955327064722
