3.823330541052883e-15
1.99959919826286
2.0053895603103293
2.005439131764866
5.952250534473717
5.980276212924261
5.9831898651656985
6.00220480069916
6.00352900044638
11.770630833373962
11.855754471968478
11.866279140889231
11.920336097285926
11.922069494820567
11.942458286703829
11.953190182330424
19.329947920865887
19.524661665435605
19.54048709247803
19.64565983907854
19.657858474571018
19.739632973369684
19.7707156148172
19.778390287026642
19.792028800741168
28.47323188104582
28.83590786348047
28.86520334171403
29.05462694184083
29.06348281817709
29.296688124848824
29.30594692108174
29.336613363125117
29.348719781809606
29.434799003642766
29.464916296114694
39.01146551196145
39.55316657174029
39.6353029069074
39.94343473538135
39.97919508126683
40.32690641068816
40.378952720907954
40.465439560132886
40.52487645073464
40.641694836832414
40.764128832585136
40.89499199610425
40.912833693072095
50.72355391666723
