-1.644517855226013e-13
8.100668084112417
26.81476383317216
55.32777050011315
92.52315250692446
136.97317129602575
186.99574549955375
240.7079969213843
270.7672375734344
296.2789452629123
351.43797211623234
351.71589225071773
404.34328485714656
413.7033851249909
453.0672911166199
479.3345740235909
495.79724237898154
530.8230999396183
535.8035541059791
556.9824372348701
572.6431859081564
596.0231803746958
598.4702594141055
648.1788328166936
708.5612295657788
745.171366412976
806.3159741245377
818.8403987592865
900.8763397438473
901.2212727650317
1006.4537093760417
1020.3175878165325
1022.2488622518152
1171.1287899360366
1191.7335386678712
1194.8817714662362
1284.1575759301047
1414.653402188543
1445.107590090491
1450.5074533364213
1463.4392293859805
1621.6991714060568
1621.987214717983
1836.887277860398
1837.2792930154876
1846.4725328907025
1846.8686763846008
2117.0000759590203
2130.208497138617
2169.0601921193634
