4.484260185400046e-15
2.0133597733424207
3.611367224891303
3.611368767901207
6.666324869744754
7.099375268317699
7.099379343568365
9.595606304485713
12.015278150373723
12.015278982414038
13.720614695657265
14.77662586718261
14.7766310820466
16.195613374271613
16.195614904435327
24.00099954298785
24.001001369468884
25.26915894330922
25.269161529691335
25.50163024794745
28.029963187788972
28.029968507357093
30.494194437053206
30.494202435637277
36.98223664180451
36.98223832574218
38.79546201177701
38.79547737373433
42.4861069893534
42.48612848774363
44.73435759486884
47.49833159085556
47.49833665866381
48.87756274524839
48.87758088590233
51.48518693542541
51.48520117925096
56.14531607960296
56.145317511980565
58.15647637816996
58.15649089902293
62.65204407721818
62.65216176856476
70.09453235612155
70.09465926958016
70.12584732678009
70.12585643702697
70.33106561641394
70.82095474861971
70.82096847114099
