2.09427961084252e-13
2.6738003137000868
8.439784134544752
8.439784144576114
8.761793658640284
17.39593361875868
19.33870519819752
19.338705655715277
26.116819290123875
26.116820621216846
27.279772900138777
33.47976036169589
33.47976125352927
40.00603343537807
46.208034501844246
46.208035228042974
48.132155271361626
48.13215788294891
52.171443422196496
52.1714503927227
55.95325275733024
61.61198359153254
61.61198525515177
64.34348371594811
69.73442906388107
69.73443458440953
82.03628151679122
82.03628403957185
82.13853698500292
82.13853934863558
82.1747938764052
86.40864054684991
86.4086689096709
92.876561159745
92.87656580932135
106.44070608645058
106.44071315307372
108.33271741592355
108.89676390266939
108.89676424719272
115.47321202259748
115.47321849452034
126.34775711098678
126.34777800329991
128.88406845182095
128.8842118449235
134.07754165950826
134.07754395036616
138.69680655434576
140.1241948133982
