-1.5586490431651612e-14
6.568096728850005
12.066503784922451
23.278303569900764
26.02758102993402
32.9320498744363
46.759779357151125
49.72056415096711
55.56750166154691
64.60589989292194
65.43737344047872
79.60449926896345
86.42069779674436
93.77446295445995
103.25113688240448
104.77422435711694
111.32685831009206
120.2840882763905
128.01240664962782
133.0184237732232
142.36110522438983
146.5366463376066
156.2061595230187
163.49115292062828
176.0148994737081
179.78751941709382
184.82488041993562
190.42384200714164
195.7797584130223
201.15118454488575
212.86203591069625
216.8163069577305
226.86482041579936
231.20098185837085
242.0970389135174
249.81240432870518
250.80195327319908
265.02400325712455
271.8997055187537
276.6239884723629
277.40857959989967
288.73636450040584
295.14990500277673
299.5390968572604
313.3257835616251
316.44443817690154
323.07239981053254
327.2660013575716
337.27456308149306
339.0143439708869
