9.473324902309344e-14
1.67682039154869
5.599696820660243
11.70326902728971
19.71701381315852
19.717017643766102
19.895665168443657
30.030844707365993
33.165431295632004
33.16543597238211
41.88535722850121
48.452525700945436
48.4525303545829
55.156790165470454
65.64661517965806
65.64663546782492
65.66277716765131
65.66277996534
69.59108888666205
84.66055056600098
84.66055396323057
85.27514068648085
92.65139066717161
92.65141098044568
102.60428289718757
105.13119093191803
105.1312042318658
120.31677614118402
120.3167957308213
121.7634909221033
126.43810459283885
126.4381158487336
135.5596385637759
135.55965447926081
142.5005251395306
147.55167736933956
147.55171023235485
149.30162427692045
149.30164011424094
163.900955043863
168.4692626364974
168.46931991808805
177.15840240845574
177.1584107328646
179.65145042648297
179.6514599838647
181.97414862174094
191.44221848202653
191.44225468105031
196.69091103256642
