-2.4789198471708573e-14
3.380661897632405
3.380661925287318
5.03910078457761
9.211207232192455
9.211209949051659
12.088485823766453
12.62334676542354
12.62334833642745
16.46224230440563
17.050363712983092
17.050367467747133
23.210234683882824
23.210236572761218
24.327209925523736
24.327215258697876
26.820870677437803
26.820870978730138
35.887933970846895
35.88794222316434
37.44118677041187
38.63391489496599
38.63395055931153
43.43297285179685
43.432980826721
51.62463629301897
51.62463698724378
52.54803478056059
52.548057532118534
56.1658366872011
56.16583809090627
66.86102643820828
66.86102855577633
68.57885473306084
68.57886776409494
73.37513863304231
73.3751517305534
77.85231538386093
77.8523255241298
79.5592563082769
86.71720316574088
86.71721026322666
88.22429942833348
88.22432682963155
102.31730028411494
102.31730643465768
106.9380286913821
106.9380708864179
107.10995397219905
107.10999271014373
