1.787979486689295e-14
3.3977020121703565
3.397702312357756
5.097637400373452
9.246834548209769
9.246835091297225
12.285503993666103
12.683495227924942
12.683496094283509
16.55415469546532
17.1000664469724
17.100068558051955
23.594919801068855
23.594920273285833
24.37115023678718
24.37115877066093
26.875741003216977
26.875758434434196
36.40203805707617
36.40203860036192
38.53402237355235
38.68210461631318
38.682115383137464
43.486028596916086
43.48604244802965
52.21842920918332
52.218429505007954
52.572746562377326
52.572769120319606
57.56393417034832
57.563936050993796
67.43886883031843
67.43887788282402
68.55677436207141
68.55678247421905
73.4650673403874
73.4650858554448
79.58372748206422
79.58372903874749
82.26007356977019
86.6170117426488
86.61702104717281
89.16355505507774
89.16356142120189
104.39646082295505
104.39646434173092
106.71912369725231
106.71913629923279
106.73090569875512
106.73093768428559
