4.72857863975662e-13
1.627354149559204
5.440251595715784
11.386852381550431
18.308609971186677
18.308609971783156
19.39117067450904
29.317543124689372
31.073942392455773
31.07394296337567
40.9340316142412
45.71579409673794
45.71579465081105
53.91635897717214
61.04063447256114
61.040647018203224
62.335348520195566
62.3353527862412
68.08130507952468
80.81546924871473
80.81547047807943
83.7710584899149
86.70920023167908
86.70921386493949
100.80924676991411
100.80924823487865
101.5296469451686
113.30347126351165
113.30348130257437
121.43414409508199
121.47798094035596
121.47799015320244
126.6695565980369
126.66955896845292
141.47909852106213
141.47910829492528
141.5972192211797
141.5972462032005
142.90595726024407
162.3420649711794
162.34210745170407
162.6340289189863
166.3840168384967
166.38401775215698
171.32189868802578
171.32191327084206
176.33022362885185
186.55385514928355
186.55388036606405
198.21982344406288
