-8.080341951099967e-15
6.395203145942085
10.737706547709493
17.227227529825196
21.223859443202223
30.4242607593246
35.028963866971985
41.8722693778536
44.20314121160061
48.03731386408634
59.19925565810812
63.645202925081094
71.35151860220057
73.1992312915208
77.81856533088039
86.20956530500366
90.23612833959254
95.20629798575811
104.37648756163198
106.68915980404894
108.94200674813483
116.24049791657592
128.8328290703852
131.09170930377746
136.19612885764968
139.50077725834996
142.9004449145132
150.5367658505738
152.118785591923
158.3840796826207
163.22360333276143
171.03640822940736
178.75466029902134
185.54354691081133
191.5314567066936
194.41891078583865
195.20360152624914
197.5827749812944
202.99448419659862
212.0061234566885
217.13800577100812
220.74638976546646
226.09820793461228
234.0386953344815
238.34022054789628
239.62583574514832
244.2983780675395
250.8281954014828
255.76060256230872
261.57020834358417
