1.738019450581163e-14
2.6086514658096847
4.120319482662339
5.514663220060992
7.731439661597275
10.074031835156761
11.711179694784311
15.726321712594562
15.924272976205755
16.28956463811094
19.626186667916137
21.423397915696594
22.402818455613946
23.83339862408456
29.212040761904674
29.303938141618314
32.03955387722674
33.29890211816463
34.052925534514124
37.44353092336334
39.444849634683585
39.65038669796263
42.090587829238146
42.48447628778126
44.64531355384323
48.011981106626365
50.20734808033687
56.01609623622302
57.83738839012664
57.84715654704438
58.095004049780194
59.240140182379825
60.17264126100733
60.81893496277
65.18735139207999
66.65813521703045
67.05013319312734
69.15438495059834
75.68291218686204
76.841568448237
77.16338658374906
80.59556144211234
81.32539656417045
81.97343886374411
82.90335912009549
88.22199921842628
89.7762212358864
90.27210465362849
92.78546438513996
94.46860058941769
