1.4854610597136997e-13
3.797073180572041
6.111467683407857
9.900429370922687
9.921300965560457
15.042455666359995
21.154477285548026
21.180921021464187
24.21140325911378
28.023734922981017
28.043612204256995
33.30541189701699
39.27760217719563
39.30293313225548
39.46540291655924
39.489914466010305
53.60527469738287
57.47567143779035
57.57527033271933
57.58609425030791
57.61319560151911
57.8845724444448
64.07085121182563
64.2825091466448
68.73930490396698
68.82913708537473
82.19138880927585
82.40539795906756
87.00840994885972
87.16414957974095
87.83904803305155
93.17412334392705
94.07476372599777
94.67585655076799
97.08866774773742
97.58190840300979
108.34576445125502
108.83550156467015
111.61414150653509
111.95625734066067
112.18441488516588
112.79849868334189
122.03663567263906
126.63074959165108
127.17025482244902
128.29772853499466
129.60063146992056
141.4082740017478
141.57278074145816
142.34886760151275
