1.1813466871402056e-15
2.3131155764166893
2.3599827765229753
2.3599834500997017
4.788938675260676
6.70440976824235
6.7044113617828
6.888351458479198
7.308508072960668
7.3085085116976165
12.19411486071749
12.194115870084959
15.338938167027248
15.338938926019583
16.97206748225985
18.416105250822024
18.416107041809322
21.17709665016947
21.177097978122255
23.616412372878212
23.616413303732273
26.17521189280145
26.175213743913282
32.30288058642944
32.30288187789829
33.39893250273908
33.39894195803888
38.28112102694205
39.523844794013
39.52385532591611
39.82882377194206
39.82882534795169
44.45392353686099
44.453934150694835
44.632624873047206
44.63262549406067
48.50157634852516
48.50158644564792
52.6230780529582
52.62307898004723
55.11983125590432
55.119844473976094
59.94400838274012
59.94401824562998
63.782770790098716
63.78277649610314
66.04293319947193
66.04294808101596
67.48143221795337
68.9981532526679
