-3.12569414795405e-13
1.5819217694622534
5.25030208958525
10.87098665757917
14.948763900431022
14.948765717839796
18.25133106641615
26.11061810173187
26.11062098082537
27.12667373774896
37.173432003914684
38.852665810180376
38.852667834024665
48.08099947766829
49.40215283800069
49.4021538108614
53.04428778026618
53.04429430296649
59.693812812185186
68.36584939646929
68.36585204303722
71.33488385128551
71.33488571627424
72.03358246140063
84.36496602309954
84.36497168570672
85.06479556821226
93.5054236381085
93.50542662556111
98.52641684156745
100.45484737546414
100.45486898669878
102.09764715162758
102.09765437971015
111.9538632860882
116.0716774900269
116.07170440923088
116.12382138184547
116.12382577433657
124.5798326091932
131.2120976285434
131.21212607735745
135.09269881844963
135.34567370842973
135.3457022765668
138.90227387319422
138.90228337382229
144.29830876653085
146.43320235234646
146.43324580962957
