2.9911836896268085e-13
4.0259957699229405
13.297781441878303
27.337566231504663
34.399508317860565
34.399512139404145
45.47714656612405
61.13176302109551
61.131771801405954
66.87626027987031
90.63096766715704
91.52465229273076
91.52465786282366
112.97119408514989
112.9712530650757
115.95907707786213
124.90776443078259
124.9077760249906
142.32705602490952
160.20241008324274
160.20241238847572
164.73958004662862
164.73964982277087
169.29710831230463
196.1829172077511
196.18293110968165
196.25173570755678
216.100946869834
216.10100556524623
222.3603269108706
231.65711083007292
231.6571287531923
232.50617126035903
232.5061944204499
246.75258898063313
265.42868662710566
265.42869502118015
266.81545696743495
266.81550110335735
268.6846518942505
287.5783487720629
296.2216760173184
296.22171626046844
302.9192132712878
309.8632571066701
309.8632750898158
313.97257682275034
315.5836055039537
315.58363007884765
321.9106996116079
