4.5102810375396984e-17
2.2723134752556926
2.4585855842142426
2.458585609899192
5.088121951013317
6.581712489752089
6.581712540651272
7.092218774343312
7.6005468974784165
7.6005481226848
12.256711801354593
12.256715230962591
15.622090779402804
15.622096133943238
16.106490806655035
17.574279309033493
17.57427936908911
21.164715957443185
21.1647236883176
23.051657415350896
23.05166075247525
25.817383235440946
25.817391210013014
31.815361159941325
31.815368956086687
32.54188033395378
32.541887797266945
36.8950641872332
37.37295247754575
37.37297770562258
38.560175306783165
38.5601753672497
43.27837436047399
43.27838169556452
43.69169277676808
43.69169513618887
45.440651597000645
45.440682295731456
49.43770137367408
49.43774628594464
51.88547876168264
51.88548521858537
56.59428388335762
56.59431696190113
58.83767671447322
58.83773189826657
61.15865655149378
61.15870695063733
62.61584865152298
62.61585626276294
