4.246603069191224e-15
2.1971451699300255
2.1971459303903473
2.645905380535791
4.12883041347595
6.298998042916945
6.2990014416345685
9.027078105225296
9.825135561091498
9.825137412782462
13.008797082441532
13.00879812263656
14.328067536020745
14.328073763122367
21.73815190632369
21.738153516153595
22.14082445541517
22.14082648405678
31.914350208740434
31.914354143352856
33.4464173573337
33.44642199273316
38.17749237416771
39.42168171337041
39.42168382490882
43.30567887827735
43.305683575216335
44.661626876131685
44.661632742669575
46.630582014872935
46.63059203803104
49.75681931064745
49.75682045143121
58.74012484902252
58.74012729849131
59.73346651152294
59.73347329351112
61.37604069415757
61.37605755617214
70.20034519124532
70.20035020912732
76.83540081751012
76.83543106193315
77.36850624155022
77.36851096763317
84.05029165199934
84.0502997915961
94.31323137313899
94.31325710916315
95.62998424133546
