-3.251739155718525e-14
6.661103447025893
13.545610358298989
17.230614415871607
17.23062036306099
37.20729146654459
37.20730778512522
47.50804550218968
48.24710753832426
48.247137071333675
94.28947362933697
94.28947532129482
96.58753659397892
96.58758103502903
114.45322359150401
123.99757967361684
123.99761566304862
156.48917498038068
156.48924324647646
180.04080259858853
180.04082722253895
235.29530351403108
235.29548391074317
268.61191517388244
268.612122199661
322.3575272802957
322.35792477837515
330.7055732789815
330.70565228613395
442.5032611197761
442.5035205935487
468.7706126638353
468.77070121816183
521.0270590832602
521.0270995617414
570.3505469433168
570.3508410160232
713.8215348529512
713.8216221739453
721.97080076595
721.9713864566154
773.0378869035449
773.0390841848181
872.4142042667985
872.4150506992177
1025.1207679591212
1025.1222374473602
1045.5568600434801
1045.5568982068842
1075.076262675581
