-1.2836953722228372e-15
3.5055753551104587
3.505575435700034
4.468676559369545
9.739883655373372
9.739885890810845
10.298892290790286
12.871770723066774
12.871772042759211
17.556145200199825
18.27149583739979
18.271496401331444
20.425012288077383
20.42501384928533
25.879256370293003
25.8792564277142
26.41553757038912
29.02428668517635
29.024289459662583
32.942067960964515
32.94207204569912
42.0955604301234
42.09557219446649
42.52625364311285
42.52625419866847
44.14831033821526
44.14831164912249
51.76662247538618
51.76662351749478
52.42076736117799
57.53731737811418
57.53734158886316
61.890013342098364
61.890020682137965
63.00685606121905
63.006858497871754
75.36156680908792
75.361608427832
76.02838682287496
76.02839127081182
81.4426950993176
81.44272370432971
83.543142692122
83.5431459038768
84.15147052234472
84.15147201696382
87.56349907293658
95.555676802234
95.55573942478226
102.21107190232516
