3.469620424301212e-14
2.303211270280856
2.303211299743424
7.108676582195619
7.108676973612817
8.02028491210218
9.42518161463305
10.777516421330988
10.777516497992544
13.724870624279184
13.724870986215324
15.056460096149301
15.056460203878505
17.97630143536782
17.97630219826471
22.218270109913124
22.218270341239595
27.917248599627055
27.91724878470893
29.336397109525066
29.336398836760612
32.53877957397798
32.53878243646064
33.24028683380749
33.45381624271352
37.03677952469391
37.03678049015985
37.92957604973427
37.92957643441189
39.83650961380989
39.8365104481458
44.60165106125606
44.60165319997986
44.69006559355262
44.69006625540579
48.082452403376735
48.08245567425518
53.53829993544622
53.53830221848629
53.89953923288271
53.899543039401905
58.30482350586938
58.30483063630536
60.57531147526997
60.57531180364234
64.56606112422685
64.56606234438775
68.92589491553655
68.92589620799843
73.53107719752218
