-1.0396718208571798e-13
2.4209151153739037
9.31542714490438
19.635534581265997
31.815157116456984
44.01456493548329
54.420403053004264
61.606396096366744
65.10899759066476
66.61926160635473
69.19485500147876
69.32099287435032
76.10743567761837
76.26077258660216
86.55856947372003
86.62576068222353
98.82772206416931
99.08579994147777
111.05087083410827
111.79718725448018
121.44007431546375
122.73655242352547
128.5050764710263
130.13248141291035
131.69156517973533
256.6906618328972
260.0434907036924
264.35061730033357
267.1689677020851
271.26329135365654
277.5657816667599
281.7217943059849
289.7748856480189
294.2362169280236
301.96900161343376
306.94987632049737
312.30279778366656
317.89022567889486
319.21096521890195
321.7709527815474
325.28855886706856
477.39143063006463
477.39143143396734
544.0010868506678
548.0406128598665
555.54591651875
566.0846056850962
570.7243619135738
577.5422360819604
578.4252817681736
