-6.201636426617085e-15
2.6583166583145896
4.231919771328054
5.971558700470664
7.69727422102311
10.077168871072605
12.633832411573383
15.89929988996888
16.21217911866429
16.863021642129755
19.419990374357216
23.05967315521347
23.164867208913936
23.427250921651705
27.71148012255747
28.448655193338688
33.57652682720705
34.36044748082239
34.477265555859866
37.15843024667274
37.1586816576325
40.270995166715444
40.82491355708434
41.354681417645146
41.35603365405717
47.58823555573683
50.81254678075081
52.82594222396441
53.26918892811431
53.75368639894383
53.90924893377855
55.408847791793484
57.11222874517054
59.08001547060194
63.5848237385051
63.891517321258306
65.09728642332169
65.3220989501486
67.37576825779318
68.43732682206038
70.07241367096562
70.84640310939966
71.07736227433642
75.01528654720236
77.70443382952858
79.6913274345927
81.47048988061873
81.97996608599283
82.79001201866427
83.33673017598689
