4.668140873853588e-15
2.2680077035032475
2.2680077948102944
7.131930102138481
7.131930334223374
8.496736898252399
9.835529104850844
11.143699509256146
11.143700114675255
13.808832188632643
13.80883247764331
14.968323528249936
14.968324648749013
18.20969785776788
18.209698577207856
22.382911652687024
22.38291249591207
28.16969399392827
28.16969430471066
28.856139166123032
28.85614130107608
32.832519186814714
32.832519589223985
35.02788777329112
35.21074759249693
38.56741448698408
38.56741792286039
39.251606953018765
39.2516082999125
40.210834834859035
40.210835969955596
44.76125755730547
44.761257932579234
45.098141579636504
45.09814326795133
48.9897809239927
48.98978384836702
53.31400628642325
53.314011008825304
54.10398661789251
54.103987882373154
59.10578273592282
59.10578375502596
61.021309304651346
61.02130989420065
65.01779583228365
65.01779645447819
69.76627311314786
69.76628038196698
74.76990582231338
