6.291842047367879e-15
2.1885833086243074
2.1885840916871055
2.6132080889485025
4.15208670022833
6.35128824388663
6.351289300754938
8.511680068580086
9.243797052022645
9.243798953683134
13.196623258699896
13.196626526962374
13.837226202293479
13.837228224958817
21.441674936313987
21.441680994251104
22.588313254352705
22.588313598219298
31.979297414102504
31.97929745181503
34.34502170564624
34.34503454640576
34.865993698996306
36.1404157461201
36.1404180340897
40.16736089330977
40.167362525074424
45.339150475188376
45.33917762080605
46.90685429354793
46.90685862372037
48.25804038386869
48.258041734137805
56.398511624677624
56.398511819349736
61.37540420107904
61.37540626200048
64.11759696383021
64.11759928291988
68.68871305199939
68.68873417423076
79.90508427247778
79.90511158321722
81.73821111910686
81.73821151647462
83.81339580615067
83.8133976842724
93.96805497906443
95.18655612849113
95.18655841331906
