2.3483298638993233e-13
3.5006115849220367
3.5006116100504174
4.575216562520149
9.708954804923259
9.708955960944726
10.54807886962097
12.940429265100306
12.94043105064893
17.47736562010957
18.200292914462022
18.200296417343807
20.819490363924732
20.819492665177965
25.952062628811696
25.952063933300415
28.15521456186746
28.90946053475044
28.909465264066284
33.463368139284086
33.463374217543866
41.94786936006033
41.94787233301313
44.92718726197398
44.92719196527585
45.070335018106896
45.070336365522465
51.80394913900762
51.803969884057345
57.38333995736858
57.38334249685386
57.99059353643498
64.5203749624846
64.52037776529566
65.45920191456813
65.45920630739234
75.24644004852087
75.2464621530972
81.17475060514023
81.17475980560512
83.37678273426145
83.37678459598236
85.61857136747857
85.61857435364753
88.95964120708534
88.9596476932213
95.54628774121804
95.54629744101113
100.88371614043321
109.10886460033777
