2.6685251230951224e-14
2.3479042144972877
5.566738533213087
6.4982418691028645
9.154039223313005
9.190888928694003
11.89282754258548
17.031153435619277
19.756191104984595
20.486713814547798
21.030496055616783
21.293749138172338
25.40083229036956
27.296725328268717
29.33764405368558
32.11785567913498
34.68480107496589
34.91281524103423
38.947314719092276
44.477567688712746
44.622364118593346
45.49479200301591
45.8938173419115
48.80484810434486
50.11650088302138
52.46230539799406
52.7634611622325
56.25561800681994
60.08139887885265
61.72348827319249
63.59156592045393
64.70174310748956
67.68852449766302
74.37774618408805
74.7811873675915
77.43399562087038
78.13069409140535
78.4980101970121
80.83642004358352
81.64024419429845
82.35813092069655
85.07230521363685
87.04489031076177
90.84117430690118
93.57953230225927
96.5653183790636
97.3538516801829
100.1354101245352
101.7015133983039
101.85313017414622
