3.5735303605122226e-16
2.1891135004495714
2.189114268701256
2.616573262205784
4.156754655360305
6.333007703585456
6.333008872705319
8.505568426953614
9.23340810419992
9.233409950508909
13.11533007553623
13.115333015692638
13.794234655108536
13.794236817221252
21.30869790010855
21.308703324784926
22.354380567615543
22.35438503746546
31.646779793154376
31.646787183764296
33.80901265022121
33.809015827998564
33.93941640711651
35.20183641736898
35.20183850049894
39.17895088460141
39.1789525381205
44.627190770488895
44.62719993336461
45.80100586513641
45.801009511582706
47.198904525764476
47.198911246308576
55.05555282685945
55.055558258095466
60.01828855777112
60.018293406093385
62.23258736840315
62.232606473677734
66.91550676330371
66.91551295526749
77.53971142154472
77.53972269257156
78.63309307982674
78.63310657024442
81.32238860076473
81.3223939610388
86.6128007400969
87.81585643694838
87.81585819586994
