-3.161880479662926e-14
2.2318676734783556
8.231224090487864
9.196947565152435
9.196947565152453
15.95436329578342
16.174781897657134
16.174781897657162
22.68038565845872
24.69709884750589
24.697098847505966
30.350680355920808
30.350680922855403
33.61283607131395
35.618018592949646
35.618018592949795
43.54880696981224
43.548811784913866
47.27711018425886
48.90421753892645
48.9042175389267
57.011471015082606
57.01147432108937
61.23157266057617
63.52103119072801
63.52103119072808
64.05835564395149
64.0583556439516
70.83655737654352
70.83656035737349
74.13019366294225
78.01156348563057
78.01156348563065
83.33638048248733
83.33638048248744
84.97936498358595
84.9793663974363
85.01938084413035
90.8511359936589
90.85113599365894
93.01958224602478
97.3041184596249
99.17618067693903
99.17618692019292
100.6710753986487
100.67107539864874
101.71291801103314
101.71291801103322
108.61728649402274
108.61728649402274
