2.5663499103600884e-14
1.4341823839759698
1.434182391452976
5.665361377983991
5.665362752498537
12.4903564500161
12.49035869546195
21.608310168329105
21.60831195422374
32.67497706327488
32.67498005838182
40.11327893931948
40.827997351417686
41.55753752565003
41.55753760347132
42.40876851521578
42.40876955855845
45.35854712999631
45.35855555492458
45.85832936036361
45.85834118396818
47.163518785409096
47.16353308332657
52.92097046061052
52.9209767565278
55.11993144042822
55.119941310504494
59.370802228735585
59.370802667146094
62.59168522539656
62.59168906860961
66.29048689595767
66.2904928255454
74.4651003171036
74.4651141173584
74.66353087476634
74.66353540681747
80.62425068473095
80.62427161357716
88.88416731233741
88.88417704239201
90.41663200940465
90.41663597418015
97.95930257021439
97.95933020229012
104.96499941655664
104.96500045132294
107.00348601154508
107.00349220229158
118.00192347708578
