-1.1449174941446927e-15
2.2657375659779966
2.2657376064848673
7.130655310845219
7.130656577413304
8.524508988185444
9.861929711254287
11.165991270018038
11.165991417950083
13.805532585904015
13.805533284010487
14.971887963673252
14.97188830719284
18.22434817451158
18.224349877579563
22.372568458286626
22.372569415214482
28.18153937077938
28.1815394309238
28.839539805199745
28.839543112130542
32.80803789368343
32.80803834916398
35.169091144419326
35.35118586555944
38.69668915440676
38.6966893708198
39.37276303189736
39.3727643467525
40.21915071767002
40.21915241801004
44.77777558458835
44.77777593303048
45.04930992016247
45.0493135282683
49.09037525642905
49.09038096518895
53.34846990062392
53.348474777378634
54.101918585061036
54.101920335922664
59.018604255273836
59.01861164381495
61.05736433942131
61.05736547134562
65.09950664583721
65.09950681363016
69.74265293289311
69.7426572951403
74.62606046618134
