8.775098703228679e-14
3.834838023296438
3.834838038352228
4.10169766047282
9.922283385933131
10.841520192334517
10.841522333574943
13.434429672604296
13.434430285327716
19.169173322534316
20.57025686711939
20.570257637677294
20.803249385814613
20.803249489006728
23.447905994422978
27.63836094053648
27.638364554509746
32.941931470974566
32.94193243357145
35.30069625125382
35.30071645930042
38.47742807661075
38.477428967272985
43.63894341369793
45.679902565928174
45.67990327001314
48.05056199512888
48.050584910802826
58.47621463468145
58.47622137409749
59.393754866109006
59.39376480437752
65.63365384887881
65.63365454364254
65.94785019870012
65.94789237229904
67.26812064617494
67.26812126169567
73.54323438039239
82.02850755157601
82.02851368821516
86.64554367970264
86.64554839300334
88.19739178606342
88.19740870724095
94.48643070448331
94.48643526222499
94.82199024034537
94.82200928496134
104.37803902798284
