5.372612077447769e-14
3.425549358705702
3.4255495056973504
4.782780022168318
9.423133595661035
9.423134063187707
11.118524814010788
12.77011662874065
12.770120433873943
16.854754834472658
17.563015580421443
17.563025105442684
21.57228953701277
21.572291984740573
25.16393110956533
25.163937589436806
27.77426142115097
27.774271356708073
31.611106306556824
34.052237552397294
34.05224150444134
40.16594540547938
40.16594750544564
44.52355485333918
44.5235714128795
49.18563829498187
49.185638972685176
50.59305405549902
50.59307465736607
54.799419275585585
54.799460190488034
65.13381572600055
65.13383004291363
66.05580024629431
69.94445562934527
69.94445648939735
71.69620587694804
71.69630446871928
76.83265002329912
76.83280376218163
85.96454441932495
85.96454819939775
90.85465353885526
90.85468907248448
92.34341740259634
92.34341942837874
93.63008301361533
93.63009786265458
108.90237009587932
108.90239130092975
