4.779857065706494e-14
7.314276863988613
20.01132828677449
26.737661433065202
44.39903148763808
45.716090543002615
56.43835805679013
73.7277561004925
78.51081975585437
79.99798695893864
94.81307872571351
104.10396502272542
113.39371643009247
118.327585121872
119.977769002222
129.11570032746093
136.3176848998496
143.54432983087077
150.217893659069
153.13986849580567
155.32782923789247
161.81036337519262
165.7275679619498
180.57084699045015
182.0640492454921
182.55337806255736
206.72021897233503
207.84881013842084
210.50904091747225
214.24554967274142
256.17810969514426
257.2139195162091
257.91905637000235
260.53135744118634
261.7699256169675
261.8005884156023
262.20072352289765
293.63550924533706
307.56140780029784
307.9830720010904
315.12335912754037
334.41020514855023
339.588771000676
344.0249707733363
350.9179103240126
356.7145102864609
364.8625707800313
373.83129225263434
377.2805833450497
379.9891897572111
