-2.883977778811442e-14
3.3950358007125954
3.3950360907561286
5.07930103949053
9.245038899215377
9.245043665680607
12.21261075233139
12.673714813052102
12.673719464549393
16.52703035209739
17.106696125643094
17.106697581485385
23.445244599818267
23.44524508580061
24.39509514079965
24.395109109754145
26.903930609610466
26.90393236570843
36.19073713897951
36.190747627269324
37.98193033958788
38.75143778333133
38.75146709328313
43.570490944859756
43.570497892311316
51.97611661983673
51.976120061495905
52.711306272993795
52.71132196959605
56.83540322251484
56.835405417878825
67.25658623822494
67.25658891063078
68.80301706636175
68.803033986421
73.64202598802181
73.64206109123543
78.61331682272456
78.61333360174525
80.51830734010647
87.02175191996797
87.02180970979431
88.75510668657839
88.75513089880893
103.15681583402754
103.1568192230365
107.34747483564048
107.34753249486347
107.49923394938251
107.49923931487659
