8.933478956585361e-14
3.814815355059007
3.8148156069882457
4.395033010475496
10.364914738761883
10.71473480852163
10.71473691183066
13.690689830313211
13.690690478534359
19.344290645836097
20.247461293887252
20.247466189550703
21.217521177373904
21.217521383104234
25.24319818123265
27.998106705958328
27.998108978566844
32.33582152951076
32.33583641451225
35.27037763291382
35.27038436423372
41.71586734468137
41.715867585362034
46.7821916354268
46.78219586343392
47.08011473378787
47.080121210251725
49.7256774987315
58.00170079943603
58.001723615531446
62.53789212244932
62.53789750972513
64.53604539968038
64.53604828343246
67.04843066942104
67.04844205813836
74.87997627881404
74.87997763791036
84.71862695114584
84.71866225164149
85.53373741074738
86.89480319412542
86.89481054533982
89.7475050458042
89.74750919871859
92.29070945724892
92.29071471880586
103.78567281532855
103.78567769229437
107.61737428523122
