-7.806255641895632e-16
2.380536444148688
5.27474165970604
6.450964871367502
8.729162679485276
9.063431687301263
12.100494898933826
16.236737875151796
18.779121009858866
19.779385703151874
19.845141724757795
21.391182519161703
24.93155383932197
25.682591225184673
27.09430903928497
29.7851183529346
33.47976336336968
33.997699975702034
35.98012554489475
39.68721639843694
41.48607547330249
41.533416164809985
42.538951242246284
46.34280031180832
47.07438496528237
47.08858817133362
48.99842855068428
49.73136156728533
53.951947630749494
54.34279609468879
56.560589443599255
60.045909615208345
60.4880333771186
60.80025822937415
64.34899918337909
67.52628318528731
67.73688314651689
69.1628194900771
70.07739451426248
72.25204561180331
73.32963940186727
73.70312259846115
74.7058759015711
76.65810342666022
77.43596890048136
80.05650577047446
80.80672682145156
80.94365383072899
83.44688699571702
84.4698275980807
