9.223524721768683e-15
3.394842763355966
3.394843127965743
5.068868991186504
9.248096691145061
9.248096914104558
12.163741932882832
12.671752177352788
12.671754537380044
16.512421808242383
17.119178429376266
17.119182240712924
23.34027507117684
23.340276777432496
24.422162229431386
24.422162233344448
26.936529680747025
26.936539790507503
36.03054600895907
36.03055021115998
37.51941592655076
38.82048947816495
38.82049713756318
43.64738706256549
43.64740102592747
51.78443741019348
51.78444648442534
52.84033201795924
52.84035478873584
56.20558299008936
56.2055877137419
67.0789774383818
67.07898159609012
69.02443784247653
69.02447630156409
73.8234503699624
73.82345535826185
77.73223616962078
77.73223809192635
78.86577445348188
87.3784917914238
87.37851487805962
88.38377370264828
88.38378101636091
101.98299166908984
101.98300056510395
106.62194099266836
106.62194362810739
107.89446880599773
107.89451209060962
