9.99721139205434e-15
3.646615121943214
3.6466163388118575
4.671133086445519
10.131201908760174
10.131204869587135
10.780420527401654
13.429399724598323
13.42940378656582
18.299372767618287
19.005462287072234
19.00547133909978
21.391652555326047
21.391658207817528
27.008179956269206
27.008186307402234
28.272527916064636
30.187977095881525
30.1879790505594
34.541287155305966
34.54129519327515
43.775102643433755
43.77510501401855
45.590505017045295
45.59051272883873
46.41340010398942
46.41340073737062
53.94073665921962
53.94074495917794
57.92929656959046
59.81429595996199
59.81429986388634
66.5455598927298
66.54556120655951
66.59279680494342
66.59280391715164
78.30985885484164
78.3099599023164
83.96602154865785
83.96603435405468
84.50877120659813
84.50878353605846
88.37780378217379
88.37780487849376
90.84342808513802
90.84344036863068
99.23914966247165
99.23922656330977
100.7049511184661
112.65968922514534
