-1.603231436497765e-14
1.9511165047629568
5.419830880581084
5.419831168988406
7.29427450935584
8.943220782024689
8.943221583984142
12.948681406142043
15.8583624437771
15.85836355639057
16.799934119632436
19.05785605521212
19.0578579651692
23.425240106182137
23.425246332227708
23.80991832017849
26.701548198691945
26.701549377791277
30.780192328758606
30.780201901773985
37.25908532170324
41.39256567904362
41.39256678023915
41.40578876044972
41.40578895767251
41.51937557810225
41.51938574302455
46.891263528934864
46.89126530857462
54.845574344404504
55.27072962365838
55.270733785402705
55.85280863494823
55.85281741920265
59.259256797452736
59.25925774884237
66.28426157142968
66.28426705028168
72.218721519999
72.21872248058021
73.34757658890666
73.34758339513111
74.69826716078737
78.7337730577657
78.73377407135528
79.16663143610943
79.16663220470056
80.18979826482766
80.18980337753514
88.535305903072
