7.266756640866845e-15
2.0842504784790266
2.912331683856641
2.9123320636496803
5.789129984506752
6.533903777689283
6.533904720395177
7.873603151629208
9.510606238230896
9.51060810025463
13.403371652866374
13.790226270556035
13.790231004407186
14.87282836564447
14.872829489554336
20.2721837109441
20.27218411004854
22.075209032744063
22.075214356135604
25.652562716644386
25.652564030903243
27.018125424976862
29.075767996042376
29.075769036207074
34.14808979400844
34.14809150226627
34.978120484306515
34.97812509132287
35.8949392366846
35.89494339194345
41.778108769759456
41.778121636096735
46.34583065162789
47.38246825639983
47.3824696010284
48.44806056283232
48.44806140874601
51.03276200137243
51.032781382214814
53.48262570015852
53.482626180300585
54.95158354516283
54.95158638084845
61.759332144592776
61.75933467910511
63.70353502231007
63.70355264278543
65.84596444907794
65.84596527796687
68.640470082844
