1.2923689896027213e-14
3.3968163868323846
3.396816733638002
5.112820208967566
9.232423984097988
9.232425815184579
12.332973839589982
12.674847531779289
12.674847818607601
16.560958395361528
17.048934377716012
17.048944031027972
23.670370211349425
23.670373241421615
24.26781989253885
24.267825163145623
26.74942053312691
26.749436235548
36.43978990647767
36.439792595924686
38.4242822872855
38.424301344181835
38.62832063924097
43.15257115969468
43.152609975183054
52.1046169893535
52.10465897505436
52.14015140535417
52.14015819920042
57.610664289421884
57.61066849622402
67.05706396943832
67.05706547052198
67.77202333382377
67.77207119496977
72.70251049228582
72.70253908675542
79.46467819948919
79.46468404234909
81.84725556550518
85.37678760205752
85.37685197428667
88.76468614825443
88.7647077680706
104.02468938624
104.02470663312906
104.63143186759389
104.63143879036056
104.84688979186167
104.84690577827926
