6.43842618108792e-14
3.56770289633179
3.5677037482560547
4.2840513448847135
9.974653530033706
9.975603274192357
9.975604524349402
12.916310367897788
12.916312209779063
17.992235566057353
18.79532585834687
18.795327080561563
20.13104046158121
20.131046575948925
24.500920079988788
26.224696993311923
26.22469893046476
29.955895319306084
29.955905803913403
33.01981727561814
33.01981833616443
40.03993505766271
40.03994243175465
43.558875247417646
43.55889289760237
43.953485833184054
43.95348964997434
47.63949944560483
53.567923621052714
53.567935937454315
59.137458891339044
59.13745982283738
59.664122494721
59.66417688308047
62.710304053621805
62.710309337604166
70.57973536372957
70.57974368395033
78.29405275032548
78.2941490514374
79.19295220378905
81.26187468782062
81.26188045550569
83.54072062070871
83.54073475705579
85.1015571801978
85.10156721488376
96.238388453545
96.23839358750391
99.44835764280452
