2.450747937920994e-13
3.725845839882678
4.5142327806787925
4.514232780678873
10.068442647477829
13.048844335262883
13.048849088999216
14.418068920733713
14.41806892073376
18.66979176750141
23.411935326762716
23.411935326762972
25.106033750311717
25.106033750311806
26.42727635262812
30.41619879201849
30.416201551291497
36.93507905580598
36.93507905580608
37.23246836322837
40.6072428442969
40.60725283021379
42.60204994863162
42.602052050792466
50.45539501377182
50.455395013772
58.949204596011356
58.949210931620385
59.66153334338144
59.66153334338156
61.80329990784555
61.80329990784576
62.008230559610524
73.80190649755778
73.80191337733822
74.48065947007088
74.48065947007166
82.34064864705601
82.34065084516416
85.9754538457805
85.97545384578058
91.5972690533116
91.59728091800956
94.49652825112449
94.66976375582172
94.66976375582185
100.77644462402051
100.77644462402056
108.67785242982967
108.67785242982978
