1.7246794270509014e-13
3.092296899289014
3.763872278309241
6.132622081908066
7.4763168536092
11.972437192262202
14.333947861670913
15.047683899568197
16.186765029591438
17.234380423654272
19.126462936990364
24.002854238789812
27.38636877864797
28.062456949408006
29.032580526302027
31.826625055831055
32.733609099494316
33.08149859621819
37.434862625261836
40.44872944410799
40.530650396762226
44.36411146120962
46.37810326509487
47.41678871057075
47.539970948041486
53.91170303668952
56.638252714901526
56.72393137976606
56.75913270099145
58.15978070543528
62.20852619101819
64.16327282080809
64.66075365065547
65.36011437293432
72.35224993194768
72.57320827529075
73.4248998217038
77.6905375733685
80.75372287200668
81.52622990605683
82.47692099969132
83.78288044745592
84.62630323519193
87.12408976119396
88.5551149334043
95.42281126877177
96.03953043267467
97.78809549840769
99.13570049482614
100.99704730496853
