-2.007075061705166e-15
1.9975975291445265
2.000793099738136
2.0008495770533625
5.967266599092509
5.983189711830002
5.983853609946094
5.994843994306257
5.9952067380507605
11.859944172303159
11.90848229463444
11.91270947151773
11.94355133597418
11.94452369079128
11.95723788805769
11.959945155827052
19.607186540995407
19.71441703919099
19.7298366448494
19.787745568848695
19.791475664085993
19.83843411838989
19.851394670212404
19.853045708939632
19.862883554300126
29.118183466536305
29.332304048201525
29.340333717661053
29.447238194998327
29.455685330566126
29.563931209154276
29.59722107547312
29.599157182400532
29.617929101168496
29.662229393367234
29.68597398661791
40.284718758428426
40.62208978050799
40.67091697491825
40.82400062286264
40.84212838913217
41.053942637283946
41.08021532185663
41.12402482962954
41.162826617411305
41.246119620123814
41.2731275911284
41.31648392241269
41.33166066331162
52.9766688004189
