-1.3645334862033565e-14
3.7070732252151486
3.760099021230994
3.7600990212310106
9.256298620647103
10.692454247176416
10.692455336877952
12.746055701972214
12.746055701972272
17.72198373816022
19.971118390840847
19.97111839084093
20.349282703098737
20.34928270309876
21.956770892981556
26.263555971914897
26.263559998797945
32.636397504292724
32.636435421291104
34.11744765880212
34.117447658802156
34.59214375862913
34.59215571508881
36.14366436617674
43.03763317109334
43.0376331710934
47.623179061463816
47.62317906146394
52.23493281165599
52.23493466782318
56.746865217287855
56.746865217287905
57.964453085421574
59.03966312187283
59.039663121872906
61.883265416386955
61.8832993112096
65.33620127849598
65.33624459577123
73.62425386892353
73.62425386892365
80.14187611486487
80.14189609338639
82.86655980684613
83.24057287444094
83.24057287444097
83.53577746747835
83.53577746747841
85.75966868147789
85.75966868147792
