5.9119376061289586e-15
7.1800299357936685
21.60871933717145
24.47893213829206
36.29130137457447
48.75182543457177
54.62537645575922
70.95313573166835
78.45058448385132
82.19933700582985
95.31677948857599
98.80844167291741
115.00621692272723
122.12211397448844
128.75083623825026
143.91366361955005
154.16302587856964
165.318172834747
166.51891271247845
173.1537375841064
187.51643501952103
190.72410003997425
205.56413712747644
216.7417875742803
218.42729784592242
225.54794600327043
232.33688616855292
248.66867524631184
262.1198320149133
271.62468743672457
273.7855041765795
277.8089783097657
290.7075454346907
297.0055198154954
304.01671825910904
311.1398497071136
322.8966114673088
324.6925364336706
337.6645344158075
342.8767918359386
350.9514051413184
361.69518866110616
364.63957950618135
375.8211635293709
379.7189440203234
395.495055520741
398.9266281837498
405.7100989042853
413.05681731493837
428.0465224891551
