-1.6252624246426706e-14
6.566523252876237
12.376325630543281
19.4537816928665
21.841686362007337
33.96892402016387
39.80940123232813
44.108296728742914
47.79217772469492
54.223692951601414
65.24218428751763
70.72212880878564
75.54304092337581
79.21550985901966
88.06711406727496
96.73863586468188
100.83809823871125
103.47984903112996
110.77184741942655
116.40440850205572
121.25204515450751
126.6146096585023
143.0287840583271
146.67606580858381
148.29226341187305
154.74335081603942
156.14901649852493
162.1175911129209
165.6039482160274
174.03952376202528
184.40750143916063
190.64568371256834
194.13117093472795
197.17551670286016
205.6813047993898
209.94506948488396
217.40995147052698
222.28795574558407
225.89980064630325
232.9131491391042
241.84777734566538
244.6342353908138
247.65878774361366
252.6762477645783
258.98544499692764
259.3435910254768
265.7143589428628
274.43247773809225
275.78226393705216
288.45830421305317
