1.1078638006978281e-13
3.2111254045974764
7.963807251190268
7.963807283869775
10.34334450664392
19.65568660866222
19.655687331103458
19.690374996097344
24.244891889825535
24.244894411952743
30.797684270007885
34.77495272378141
34.77495429540175
45.43039585299467
45.43039777143675
46.4611286067167
48.00712396322608
48.00712900469154
48.316981881056115
48.3169847979936
56.39757283202161
64.90142419164417
64.90142614967432
70.51089852365767
70.51089945629188
71.98884121349725
79.06243334176817
79.06246793704261
79.23928498936684
79.23928818887802
88.70319143781536
88.70319966115532
90.74199079039877
90.7419947978809
99.30223696341778
107.69165303285442
107.69166582474291
115.14714442914317
115.14714571376486
117.47619154242393
117.47623920883933
120.58471512182315
120.58474234055763
122.6675445501335
122.66755155232231
131.88039144382947
142.72087974982546
142.72088622242478
151.71329934860236
151.7133054862642
