4.631711680858075e-15
3.40122972915111
3.401229744653928
5.084631294839502
9.261731179621718
9.261731910624281
12.224327398634651
12.699442079045054
12.699443142362226
16.570999530738952
17.13437812575231
17.134378546628433
23.47509499116959
23.475095858361268
24.43328342358521
24.4332913592792
26.93700560607653
26.93700822729491
36.26868363118191
36.268684769997186
38.123485681622405
38.77643283847978
38.77648448454624
43.59014267741733
43.590170863218205
52.104453508244625
52.10445587082642
52.7049734196741
52.704977729184165
57.08822072778717
57.08822128005519
67.37939066723854
67.37940409792223
68.7300890695724
68.7301858937829
73.59595631181288
73.59598035542311
79.06527864944066
79.06527968016081
81.36720979906363
86.83302276779472
86.83307210441599
89.02291798701356
89.02295183040263
103.84832392825042
103.8483253405909
106.97727002693522
106.97743817496772
107.03195891002753
107.03211942486368
