-6.277964259560065e-15
2.1885338744383955
2.188534413369486
2.5564322950276153
4.223051882639568
6.444154118996783
6.444154155337941
7.777287313705105
8.3656160589273
8.36561733531033
13.068990998179974
13.068991069261884
13.439600174676023
13.439605770182022
20.86121006619046
20.861220811419038
23.033055425993595
23.03305728465956
27.999021224455042
29.297723120454226
29.29772454030755
31.669437846311045
31.669441597451325
33.47569003691574
33.47569009253299
35.04192651972661
35.041937292266276
40.488222217164584
40.48823009808238
45.385921610165035
45.38594953879158
49.270794052666446
49.270795790203756
50.40476498919372
50.40476789309543
61.862104255625624
61.86211137789805
63.30562620915301
63.305649662097856
65.54618752799425
65.54619851850671
69.23232492015961
70.48690550383373
70.486906696629
74.2925057234687
74.29250575855721
79.25297201027638
79.25297880003554
80.63811732639779
80.63812151981048
