9.998252226139925e-14
3.1698734564391464
10.405105231305154
10.584524246608895
10.584524246608904
20.79884838428028
23.841712907459083
23.84171290745915
32.788192981081195
32.8335596124173
32.83358272702118
40.95465982893168
40.954659828931746
47.626186204664506
57.32949027298139
57.32950714938391
59.19047263487621
59.19047263487639
65.58484767696066
65.58484767696069
66.87376529719332
75.50153874785548
75.50153874785569
79.688890998627
85.7562051838604
85.75622993441318
96.56010716267545
98.96840087213849
98.96840087213866
101.99613830877553
101.99613830877577
108.45099803740656
108.45099995872647
114.7131922133619
114.71330289639572
126.03623495878864
129.98383596962685
129.98383596962705
131.67382746857186
131.6740845294259
142.29247489871398
142.2924748987145
157.09025020393253
157.0902766887322
160.3800541180029
161.30827797179947
161.30827797179967
162.45516765402243
162.4552522181673
166.06463368846735
