2.9689792291343053e-14
3.391795125603317
3.3917957524214897
5.112215857596942
9.224912113136593
9.224913971512905
12.363795985881266
12.658084733286314
12.65808576924748
16.53051081006026
17.053107649718445
17.05310957381267
23.758516996246147
23.758519406039333
24.28847251683571
24.28847553942999
26.797111068503998
26.797122512717642
36.5954041728735
36.5954043618509
38.56889985741566
38.56890999906745
39.15360417125759
43.3634053612023
43.363410304307045
52.407688019638
52.40768886551828
52.426279338682185
52.426303419782016
58.30100238042948
58.30100821689784
67.56300998207811
67.56301296219675
68.38327385276321
68.38332013320877
73.37735466311777
73.3773612125915
80.44059618690422
80.44060189424292
83.82334378832242
86.42854389639093
86.42857116765508
89.44997831600088
89.44998451810342
105.3744515814797
105.37445523658891
106.50644836073279
106.5064626589951
106.5343976705328
106.53444235988435
