4.300379496946505e-15
3.4746781829413798
3.474678560045532
5.004328558940842
9.470017235256249
9.470018761206637
11.73590009096926
12.971472207546048
12.971475710717092
17.162980398774803
17.46776429928701
17.467768047642384
22.591608072389768
22.591613068515333
24.884842952105807
24.88485002295977
27.272417105445072
27.272431616826776
34.33262917331719
35.25328815950851
35.25329183637796
38.84583256065363
38.84588345604624
43.33833686587845
43.338340122079714
50.97279720208484
50.972800906641865
52.062454879774776
52.06248407680971
52.74125744018772
52.74126201558421
65.47874726964044
65.47879150239476
66.71066023122893
66.7106971979891
71.11879979661086
71.11890311443821
72.39040977898952
74.2547256533194
74.2547339900776
82.49450896268087
82.49453165788638
86.5649207006033
86.5649673996138
98.2564277998411
98.25651777380266
98.47961669331063
98.47962339349853
98.98655864680542
98.98661478226755
