3.705889761729253e-14
3.403186423966983
3.403186423966985
5.066918413525769
9.277288451820299
9.277294343436722
12.151479009820264
12.709083615035063
12.709083615035276
16.566464800865404
17.182847574234273
17.182847574234422
23.33801977430387
23.338019774303902
24.528080846272974
24.52809566483044
27.049145841320644
27.04915108560537
36.11140984900126
36.111422397908306
37.648164003018515
38.99660620831482
38.99660620831503
43.8554339635795
43.85543396357978
51.99913938041206
51.99913938041227
53.094717862297735
53.09479903031157
56.50590030437542
56.50590030437545
67.42485003784566
67.42485507277486
69.37235742147404
69.37235742147416
74.22354791268943
74.2236108667145
78.37862419324985
78.37864435461931
80.15931802778898
87.83547024935145
87.83556339929072
88.95116709694926
88.95116709694953
103.07765908740923
103.0776590874094
108.46373042409952
108.46373042409975
108.47673350498366
108.47673350498387
