3.533631720564756e-15
3.3931465055821217
3.3931478761150937
5.10368700049411
9.229248761863218
9.229254797242723
12.321837439558614
12.664829615838293
12.664832011853155
16.540522673805725
17.05852773442961
17.058539826878864
23.669033418131665
23.669041559135746
24.298120809664955
24.29812756146888
26.795337294157857
26.79534818554923
36.484631085525834
36.48464679625395
38.54318244236811
38.543195770288044
38.84397000121562
43.31989591589353
43.319923148031975
52.27577274466687
52.27579443205062
52.34962587650673
52.34962858909627
57.93545779631183
57.93547307371189
67.38081854771461
67.3808346914536
68.21629235635409
68.2163731242573
73.17706547334886
73.17712581679905
80.0217271333739
80.02175048010284
83.10084186556377
86.1173644960476
86.11745178269601
89.20715504356632
89.20716156357754
104.89473507610111
104.8947617791714
105.9220730874831
105.92212684226817
106.00841537552195
106.00843556444126
