2.1047573406374198e-13
2.3477656662446473
9.352432726082677
13.927170421574749
15.502830467766481
17.09090193036452
20.89348233157487
22.046516741571985
24.506160522588175
32.93591375477538
36.5429807305514
36.73447489586964
48.13145392899009
53.087376200098795
54.737240002284864
55.344379530050546
55.81205471678788
60.44302381518824
61.639959498933415
67.55467119008222
67.57630869613182
72.18229887406319
73.86374477298538
80.51435400303241
80.83803240945616
87.00671850360959
91.07337205567951
97.96731944331542
98.4006186567256
106.10642841984104
106.9814009644975
118.42228711393047
120.62475535880264
121.5767376237306
121.7077912364575
124.44168083087928
127.76990886476737
129.40981062008086
129.58537412898113
135.02491494980083
137.7783162474056
138.19465198942063
149.03728333878868
149.17934585427918
153.11843743471195
153.3974902968498
156.20852129505928
156.7702102279958
165.01401641259932
171.65031489922163
