6.649715500461895e-14
3.1859052714307396
9.235061747697712
9.23506400910907
10.363041985885038
20.282589788847528
21.67153161326906
21.67153783306072
28.37145125140729
28.371457053347086
31.593970883583335
37.74630887043123
37.746312634085605
46.568456105285634
51.07594705106472
51.075952777711905
53.720283927679155
53.720322868777764
56.36488574172134
56.364947188040134
63.34688395900621
69.30083639556256
69.30088486652687
72.22297433067348
77.55358144161164
77.55358887916482
89.88303180441119
89.88308548177307
92.854941522078
92.85500623098224
93.24303986100436
93.24305939514959
94.84835317168235
101.62922968093997
101.6292351885162
117.2790512588332
117.27906222089186
123.3508304880107
123.35084376165764
123.95828978699222
127.27268981272213
127.2727189258067
137.3806027009114
137.38065220456537
137.71819174867517
137.71834670072906
149.50797835576105
149.50799173713338
156.67894441081228
157.65452018141556
