5.212844045310305e-15
2.418125981285279
2.4181263717426726
5.796615572104709
6.965383380237198
6.965383883048421
7.719682107490684
9.347678402176475
9.347679392796525
13.432641277493017
13.432641492008806
16.988497118517362
16.988497835715105
17.02569868216926
17.025700564143754
21.787207751124974
21.78721085694901
24.65745162874621
25.212928736851303
26.661609477453087
26.661609951396528
29.810685047992315
29.810685895107426
30.800848320751577
30.800852079040684
31.95008934633608
31.950094350196082
35.94746873107602
35.947472137872325
38.16359701609165
38.16359983219081
43.01110171968698
43.01110187729551
43.824217852062574
43.82421979904934
45.23167226714749
45.23167404852996
51.42172836697265
51.42173151705093
54.99759969763184
55.115185354259275
57.294963280079315
57.29496384009042
57.810235466582604
57.81024102392609
61.80007137048456
61.80007194789826
62.11195694824816
62.11195813639516
62.194990461926764
