4.76368944291039e-13
2.3551070907117726
9.329670046775513
20.65516261469334
35.896364105442544
54.4694744000911
75.66637573086862
98.68417092858058
122.65993150818076
146.7068966533206
169.95418470801118
191.5885419309958
210.89007794891796
227.27097360144975
240.3019543270368
249.71395193692973
254.21946649683292
254.5499202181396
255.3829627489246
260.33186179247946
261.10203574040696
270.4140830037169
271.8303881595547
284.26724156428827
286.43805578411923
301.5569299214925
304.49708162144753
321.79772221025144
325.44713192669263
344.3585728610162
348.60282241252224
368.4840689865172
373.16914524555074
393.3269886979722
398.2655868000075
417.98302478566586
422.9528407390171
441.5238377645084
446.25926827151477
463.0273458313857
467.2111174838056
481.5828992783914
484.85560560083553
496.25447878928776
498.2917807149078
505.9677494181277
506.7356859714857
537.4640701178367
537.4694724434926
612.1999258770726
