1.6937840019437544e-14
2.3071129770368692
2.3071130583364265
7.118490065127162
7.118490868398638
7.96712817180204
9.375577135957226
10.734094029909919
10.734094561316631
13.767228897016171
13.767229081005166
15.053513616085281
15.053514647164128
17.951569192024664
17.951569667255622
22.340444679314082
22.34044714914377
27.92670486107947
27.926704990028565
29.357132369220786
29.357134037554864
32.81594109836989
32.81594203487252
32.989316859830964
33.205655683043126
36.8096902047071
36.8096918758256
37.72652814798995
37.72653102295375
39.92963745998073
39.92963786240993
44.68154302494489
44.68154417711151
45.14443510275922
45.144440993887976
47.91838703936831
47.91838940079815
53.80184888374674
53.801849973894015
53.909429039546936
53.90943120367201
59.26589082446577
59.265906543416186
60.62934199734528
60.6293453255334
64.47016043075911
64.47016111930901
69.48651084633099
69.48651356885198
73.62001906755712
