4.969982758673552e-15
3.4163226335747354
3.416323137215158
5.0331062336821075
9.324132353845641
9.324133890665324
11.982965885347582
12.76092155963229
12.76092461871531
16.652518734435596
17.278415142830728
17.27842736441194
23.020944933434844
23.02094677113553
24.685497189649034
24.685499320323498
27.19821093654349
27.19821149590267
35.742880867841535
35.74288510470044
36.44608694992716
39.18945940175111
39.18947606232302
44.018478821476556
44.01848770639904
51.661798608210205
51.66182106218125
53.30467319221797
53.304673942806645
55.0830881820613
55.08309237092626
67.0365040656051
67.0365144717615
69.55220850683881
69.55227058927632
74.33125560164906
74.33128473977065
76.75131175884628
76.75131657298319
77.24400311882209
87.91434005078962
87.91436815448724
88.35813186805524
88.35814580394467
101.24405812333357
101.24408236160183
105.16902288545695
105.16903076227727
108.35589463110635
108.35592458324426
