-4.083972743318398e-13
2.39898298672959
9.50320330759632
21.03867798443827
36.56254552048257
37.73827905262726
39.71160039245246
40.69354893304974
46.7269403976199
47.95803825227292
55.48310087166213
58.18880800061291
59.64533274300936
73.74973383309518
75.34994682525881
77.08592243217873
92.92225918751053
94.47673358417069
100.56310236967904
115.08327934259034
116.29875861149769
125.03334684130628
139.48077697506662
139.9986312384208
149.15833158527118
149.1745137885726
151.29638393355555
153.91682868282473
158.2785692335858
161.13113971747268
164.66058740053654
165.29784822388737
169.69036799984175
173.35521174003406
173.97692682672556
185.19085334856894
189.40922094406469
189.45121508153946
191.53643906475858
196.45621995138782
204.2998047903303
208.74144261109313
213.46538979649816
217.06429485686883
217.24104828949766
226.40100843064582
230.46481493073853
235.0047255435246
235.90639954085583
241.38802055416934
