3.0270924655795284e-14
2.7239751801542593
10.481489982574049
16.41824422008568
19.166320988635377
19.171355764760126
22.093005081096038
26.93924583312575
26.96166995360115
35.79574425305261
38.565934351753775
38.7395789551208
49.51787661681056
52.28496785660415
52.80937576989961
61.21186181997415
63.19004683949161
66.00197680556391
66.02044230247643
66.56296644886085
67.07664861537522
69.27657294779928
73.14940044227447
73.78083575311787
74.35800815609333
77.721032445786
79.33234341309951
85.39268451140167
85.7593004235448
86.13597852582924
87.60590150953131
89.58856587990356
99.10322887872847
100.20573998071616
112.82884125159516
114.47299934608182
124.51655850247563
126.72875696932398
132.53228781629093
133.26632132155729
135.00241058388679
136.16401142318813
136.3196728631417
139.12511741376832
143.92928266787322
146.91998582122318
155.54098708333433
158.69786320050486
169.23986951313384
172.76763868538953
