2.6074628567407387e-14
3.412878448312363
3.4128784483123793
5.143508052330252
9.25415590350207
9.25416175591678
12.39918467701187
12.736606163604808
12.73660616360481
16.710549784575505
17.030916567258213
17.030916567258288
23.782783263338157
23.782783263338217
24.181800963566694
24.181817417456763
26.591834737688078
26.59184522121383
36.611366403231095
36.611366783248585
37.96048748671889
37.96048748671895
38.91656854267237
42.477319835034486
42.477319835034514
51.084691801623
51.08473404634029
52.254138466058414
52.254138466058514
58.11048356566016
58.11048356566029
65.84412682943562
65.84412682943575
66.02262757917228
66.02266603875452
71.34611464650436
71.3461551716354
80.26791993784332
80.26793389579352
82.06545608797913
82.06549124105484
83.18494410290182
88.50493655972775
88.5049365597278
98.67180863623146
98.67180863623149
99.52422328532647
99.5242232853265
105.0987075672591
105.09870756725913
