-7.202571872255703e-15
3.2379401735469897
6.510140432581052
6.510141156144956
10.150495724740468
17.223089703577767
17.223090171524138
18.526360552643812
19.509756864758874
19.50975719732301
29.833011685995437
30.557487860578053
30.55749524794086
38.259007601510895
38.25903956576979
38.62973358722318
38.62973497686353
41.62079219233762
41.620799982479696
42.17869603744555
50.243213546271384
59.790893405321725
59.79089558150692
60.63651454741182
60.63652574293781
62.541802257681766
62.541850986144794
66.22845963253668
66.22848449720908
72.30316642143715
72.30320157937624
72.52359375215653
85.91907799783375
85.91908810578845
92.34384725155772
92.34395865919281
96.1040035881778
96.10400777186166
98.93744674007752
98.9374758073057
99.4784939743301
99.47852119419593
100.74916234545235
117.42649041248426
117.4264961082899
121.45855492663098
121.45885759923908
127.58026718344414
127.58046829999822
130.39222706221162
