3.9626288361738204e-14
3.3950355774225076
3.3950355774225462
5.10476056395813
9.236689147876191
9.236696636704725
12.323364333556981
12.672186139088046
12.672186139088208
16.544068150101904
17.077872768910606
17.07787276891065
23.67357242882517
23.673572428825242
24.3318351578142
24.33186066852185
26.837535508571015
26.837577853102264
36.49727176275469
36.49729134984332
38.625094202249635
38.62509420224981
38.83808334668485
43.42373997212933
43.4237399721295
52.31333098218286
52.31333098218298
52.4952623981833
52.49529962553078
57.930883348030584
57.93088334803062
67.50074556050852
67.50078945313327
68.45856182542443
68.45856182542445
73.40880561424812
73.4088616283791
80.02059590647279
80.02062313699753
83.06373574757696
86.4992481260094
86.49949398698803
89.31134637976079
89.31134637976083
104.90629608198708
104.90629608198715
106.56974267763054
106.56974267763063
106.58520484340256
106.58520484340272
