-2.3606464005787586e-13
7.85485150639669
25.027752141495696
48.77935797509573
75.62710389154668
101.85347384328828
123.94568709907902
138.8477596489123
148.7474107707634
396.20510019273206
437.43025416770865
490.13503737985303
591.8315561829559
592.9177974462099
739.2957170849202
812.4748447163796
818.02044409105
1213.6124444742543
1227.0940476216772
1469.6424992332807
1553.232469144632
1575.1814520147548
1831.3155559118911
2050.132750366565
2059.6919227403564
2082.207171028055
2092.10739143598
2868.531278966346
2914.633717222871
3036.525220677438
3178.8027941794876
3256.5937288629193
3321.170947608899
4213.156842780199
4248.493934319623
4256.803376615132
4366.456900876036
4374.475069982355
4414.03278190686
4591.941032930315
4989.021793289307
5319.544344415008
5377.352766659771
5486.009420050225
5761.069890110388
6017.717889020454
6825.98855535839
6867.72121289495
6943.33993867755
7089.27359606054
