1.1797854360118265e-14
1.7593540624089552
1.7593541666615289
6.601513774037173
6.601514037054835
13.632943998723425
13.632944828566313
18.236899830605562
19.13353339972741
20.047085395164668
20.047087083139814
21.4377288345607
21.437730945070353
22.210284907922585
22.210286361093306
25.341854508518548
25.341855170168998
28.538076452852874
28.538077354533538
32.02725948810482
32.027268803343404
33.74025562502795
33.74025972483908
40.58200918450031
40.582013301092296
42.84830495341407
42.84831281113746
44.689965677830145
44.689968063188616
54.392541103867046
54.39256283220131
56.96983218783724
56.9698358336398
57.566455012693496
57.566467224445404
66.33171166487676
66.33171368682214
71.75923232819794
71.75924958440956
73.41926561709276
73.45402973800846
75.41236295701275
75.41237005797124
75.4699926918485
75.46999864281685
76.32315093755064
76.32315645025285
78.30972216726576
78.30973253683051
81.34398437952856
