1.787233555594625e-13
3.4236850718794503
3.423685538938671
4.769167160957651
9.423631319738872
9.423633257705271
11.083337539672964
12.763125518575912
12.76312565506677
16.85017004589289
17.574702818454668
17.574707400450603
21.522367341783447
21.522369378161887
25.18839718068801
25.18840248039944
27.811982812098936
27.811991291270754
31.515096426781582
34.013260399993825
34.01326505149384
40.251459185994804
40.25146539126544
44.58378940640262
44.583796915236306
49.093775307161465
49.09377916355217
50.6439965209974
50.64400308994151
54.96331992961046
54.963401985476516
65.16187817253868
65.16188283194758
66.05444761920107
69.90170846649566
69.90171407261353
71.98005975490463
71.98008367407809
77.193758274729
77.19375864337388
86.0585748382238
86.05857743029331
91.312737087522
91.3127582708786
92.42064633302984
92.4206536187353
93.67353651606179
93.67354251555149
109.11688132998037
109.11692968006474
