1.5577816814271728e-14
3.4070812221627116
3.4070814760356662
5.114325517463829
9.253075094491214
9.253075483310912
12.2994476355404
12.715625363097642
12.715625484338906
16.643905249318998
17.06131368438519
17.06132838558663
23.58815437299153
23.588154765689357
24.265773037527566
24.265778104224804
26.705057348754067
26.70507232735509
36.34631758988143
36.34631842557724
38.23732888164343
38.2373399474178
38.25436479454302
42.86701426607743
42.86701683828678
51.64303253273741
51.6430666344405
51.987964416153005
51.98798775840362
57.218326422435666
57.218328898874155
66.49605312501629
66.49608156831854
66.84760963193314
66.84763212812943
71.8488793031399
71.8489424799201
79.07498184013329
79.07498264581692
81.09938988705571
83.73428118399976
83.73431921565468
88.31168146839428
88.31168618584366
101.59884811341279
101.5989368204276
102.15132016821819
102.15135415440245
103.60422007524404
103.60425628088315
