4.88116491670354e-14
3.3934853086510604
3.393485308651071
5.089650833778811
9.24066992640638
9.240672638454463
12.266406803530403
12.667530135918263
12.66753013591835
16.515989112856243
17.102904833126477
17.10290483312654
23.56087062118525
23.560870621185313
24.38952001818034
24.389527496646046
26.912071947224526
26.912075191008782
36.3500835694392
36.350088790705634
38.43678149905094
38.79319698923648
38.79319698923662
43.64005952127312
43.64005952127327
52.18304813416912
52.18304813416927
52.82085662905001
52.82089551825678
57.40576786051235
57.40576786051256
67.54477670171569
67.54477958021539
69.02973933635631
69.02973933635649
73.92587311898967
73.92588471028503
79.3365566053172
79.33656672430172
81.83322921329761
87.43273995229082
87.43282667536468
89.17767763822263
89.17767763822265
104.06512554779793
104.06512554779798
108.03044944063501
108.03044944063525
108.24771823946249
108.2477182394627
