1.707124025474016e-13
2.5426406754511817
4.509158686015173
4.50915868601524
7.793004933687391
12.490215486572723
12.490215486572788
13.411835658913317
13.411836540586988
13.960544228266064
21.972939629195274
21.972939629195416
23.179061051501535
26.228377747291674
26.228377747291695
27.598340943088076
27.59834161404103
29.464358069236248
30.140583867956167
30.140583867956206
39.77287008717525
42.87061084404308
42.870626374617686
43.15464966153652
43.1546682014411
45.548100263308505
45.54810026330867
46.97948834409173
46.97948834409182
51.11112960568547
51.11115166361598
59.3516946307324
63.4141322241118
63.41413222411196
67.03515049554034
67.03515049554053
70.29237799043561
70.2923900446189
71.74601297535924
71.74601297535943
72.07452683155218
72.07453343505765
83.74526554521688
83.75959969955116
83.7595996995515
87.9031142365128
87.90312253122416
93.31436065730601
93.3143606573063
97.63027728793546
