-1.6890655540890975e-13
7.816542405790603
25.875820814521447
53.39453947962662
89.29988897312238
100.59519867385686
131.15943143449002
132.23235559593772
173.91467939407096
180.58493871339488
204.1512275073046
232.5120499290446
248.46093572343088
280.667856771353
286.2842135221333
324.64815075321667
339.6411321392708
357.65322137214235
371.1250840789491
394.55368792990237
404.6902641127395
409.2470223826002
441.5675129899965
444.17191489222887
480.00460296211565
485.84333905422693
504.2021055901374
519.6386682661305
524.1926054610067
546.5892023120011
551.2233219922515
554.1063371006804
570.6282903875472
595.6318383420372
595.8887537819082
613.9864343571252
623.8595296954978
652.0366094344408
664.5055067610331
666.9877009128078
723.570370561944
728.3284835268928
729.4807086243284
730.5783318364622
808.5330827173124
814.0917206025213
827.9078267328218
836.1343037895481
840.2592356020687
847.4266224364484
