1.1048453818496284e-14
3.409115751927365
3.4091168914570447
5.051321511347864
9.299336151201533
9.299338473995002
12.073961190430897
12.733127184334267
12.73313165702012
16.601529251791554
17.22987758465025
17.229890086016024
23.19086744271371
23.190874857749648
24.607757105406016
24.6077573617899
27.12725317887566
27.127261219759493
35.94318708203381
35.943189186891935
37.09891110117473
39.10759124617086
39.10762784501279
43.96184559961706
43.961875034333474
51.85328767269851
51.85331151272892
53.235588797572504
53.23562594877325
55.85854723291231
55.858559021151784
67.27952993625317
67.27953798623884
69.53421754432945
69.53430049989373
74.35789421777876
74.35792430999273
77.6448437041358
77.64485088392395
78.84727120319502
88.00289965546614
88.00297008119495
88.71587302455414
88.71589603764141
102.26200988283811
102.26203487468766
106.98792419204561
106.98794481272598
108.62634208637445
108.62636351986471
