5.330805241676728e-15
3.1518430874530305
3.1518446991504345
3.3846610389014358
8.325857151489517
8.325859618398868
9.0264985607405
16.032735987372913
16.03274092789172
19.363321869493525
19.419794305589846
19.419801028324358
26.140860863460443
26.140882666857017
30.14689007208924
30.146894524093174
38.599569231542525
38.59957426548255
46.654572401644955
46.65458201681383
53.279804961261995
53.27981896033602
66.02815854214126
66.02818192076398
66.5838124057359
69.06259153987739
69.06263414959611
69.98707474189699
69.98709372278034
77.79509261256338
77.79510352026067
86.30767861652211
86.30768640698221
88.4817241750105
88.48177014467207
93.68447473578665
93.6844875846321
107.40089043570707
107.40094158650955
108.49095644265687
108.49101760088043
118.15179711925234
118.15180469546037
129.66301927659686
129.66305692675292
129.7163825694012
129.71640230520546
150.4534268390322
150.4534703282877
151.83988364848358
