6.765421556309548e-15
7.172957960948129
19.15298945763468
24.698940246271988
36.44035001639256
47.209795041742105
53.19129274985738
70.78180059481762
72.07259466091168
81.78111649679356
94.37195466504718
95.85688522366021
115.36996603444882
117.65046364561329
124.8081590761924
139.98579368127054
152.8859380985634
155.66224305570253
165.24437729489176
170.2915129084418
180.71834977420306
181.82692981069823
199.5026666986483
212.01412823757104
218.589130672413
222.0574598722728
223.07116524111868
240.7551384505109
253.952422737362
262.88513832621123
270.7514962371998
274.83575352874317
282.7366768747796
284.2692960008276
293.75719505163414
300.9792451799996
306.65436604531254
327.62739246662795
329.8052060572791
334.6637423787993
341.0085061659814
349.1433905954818
356.9782439839459
365.18873030499947
378.6968205715059
386.22649040639334
389.7597327144445
393.0070534716101
404.97495887002503
413.15285543947675
