2.0053923799334683e-13
2.667936439348142
4.109846031799054
4.10984670270538
7.876118998130544
11.98456123509292
11.984561685708984
12.099617789732578
12.0996178144313
14.025256292926082
20.60862522707674
20.608627426729022
23.3380160879256
23.528357881716293
23.528364376773823
25.998257438238532
25.998257731221194
27.53619719534179
29.184039795532115
29.184044542405374
38.321587575940356
38.32160255587377
39.52875913312058
39.52876469260974
42.193020354389716
43.79793555066233
43.797940840005225
45.99594487269911
45.99594893239999
48.289325205418955
48.28932680527557
56.56245345560341
56.56247966165197
63.56923599448031
65.00855821952065
65.0085668377958
67.71651035875927
67.71651453708525
68.69529038650329
68.6952961016935
71.10480350090563
71.10480355239315
75.14820145679892
75.14820950866482
78.30480227834153
78.30484445531387
89.76898261443907
89.76899903428068
89.85488637146665
96.38453679330658
