-5.119932255936988e-13
8.00820400382853
25.51964577518179
49.750200458595174
77.1575410058756
103.95082381114113
126.51413682504122
141.41504311250523
148.98754792312684
436.41192441733995
537.2578883205309
561.8990401366808
713.3766457931923
714.3270797605206
983.7395568625077
986.6195556477553
1468.4315877441115
1475.2285719913045
1577.914295153491
1871.8059086325748
1874.945929689123
2454.4647910803847
2454.5385803877175
2474.3149880707224
2474.3594137478062
3262.9789889991916
3364.307915349628
3402.2274527582085
3779.171791273222
3823.470830938989
4836.694315819956
4837.039578031396
4837.622532980823
4916.634841607395
4916.80439769115
4916.9060967740015
5244.121243530441
5902.209813218228
6017.305183869192
6312.347975484265
6447.67897485537
6829.54437621781
7217.264343222055
7223.592855651924
7228.320603674037
7402.053187692685
7402.459182722789
7827.821743681148
8024.312615824795
8220.171319269977
