8.784639682346551e-15
2.9948869660302013
3.776921558265551
3.776923108227463
8.23610437987437
10.940799987156966
10.940803297987767
11.881008898344195
11.881011906956841
15.106158232775584
19.492118896992398
19.492120079916592
21.056007583703813
21.056012563670922
22.197825361833885
25.152297458560525
25.152299869000014
29.84016418375977
30.104539470117015
30.10454131941935
34.02288464843913
34.022907775537355
35.67489471166542
35.67490499818863
41.787955803137194
41.78795921707791
48.32922415479218
48.329232707020864
49.44042542047481
49.88630308812667
49.88631978060214
49.96898459674794
49.96899233023599
61.19372092775823
61.193735588996496
62.12950921559668
62.1295092722749
68.64938679808914
68.64944060861072
70.82590022990213
70.82590890915175
74.60511237773926
74.60511973598024
75.36052738003454
76.33156990995526
76.33157754484215
83.55430270879442
83.55431264211022
90.27170934816107
90.2717287536427
