3.515243651719402e-14
3.402336554474108
3.4023365544741435
5.062350556586387
9.267937669965042
9.267943711338896
12.116290884149247
12.702232988191906
12.702232988192083
16.571973118349373
17.146553005194065
17.146553005194136
23.24756546324282
23.24756546324289
24.457908333863333
24.457918859527066
26.95059107084154
26.950616661091832
35.93748929015007
35.93749715498172
37.18412055956
38.779750887112414
38.77975088711244
43.5655451667149
43.565545166715225
51.68368502024349
51.683685020243736
52.67783396189814
52.67784427829044
55.85845790360967
55.85845790360982
66.87997378050073
66.87997394265452
68.64245947462493
68.642459474625
73.39238565263453
73.39244988167648
77.42124612206749
77.4212625589964
78.34010443570995
86.64290817385742
86.64304169164399
88.17574595673175
88.17574595673183
101.71187125652946
101.71187125652993
106.14958328772754
106.1495832877277
106.62946770990558
106.62946770990597
