-6.441028266301885e-15
3.398562641403847
3.398562641403872
5.117364524077965
9.237492725215134
9.237494322108358
12.358016209474712
12.68393152037538
12.68393152037542
16.581466780902627
17.05842318554349
17.058423185543532
23.733459159024562
23.73345915902464
24.28064139494674
24.280647220763548
26.763123882209467
26.763169032384198
36.564368089106324
36.56437025051348
38.44010878870137
38.4401087887014
38.97771615659686
43.17071194456325
43.17071194456341
52.11788717854886
52.11797119918079
52.33436516684591
52.33436516684596
58.11822379295321
58.11822379295339
67.238679701804
67.23871706736554
67.77516653009945
67.77516653009951
72.79932335183423
72.7994157552654
80.24744309185373
80.24744947124834
83.3935016873626
85.35849000349867
85.3586195284835
89.18483999081182
89.18483999081194
104.52272994713194
104.5227299471323
104.79190180032725
104.79190180032744
105.1425193800677
105.14251938006784
