-2.030320356283255e-14
3.386674035829505
3.3866740891069504
5.013070892019189
9.240642335359867
9.240643563841239
11.974940632574645
12.649448400056635
12.649448625644792
16.48839280532276
17.126161502669774
17.126165068138
23.00161365717715
23.001614484947623
24.465549803487768
24.46555531195556
26.973448778321405
26.97346203791966
35.66064982125414
35.6606527867685
36.722783852872986
38.90179447347149
38.90181093644774
43.73170920121075
43.73171894083014
51.476977928209585
51.4769864422759
52.98040027942368
52.980407404502124
55.32122885137488
55.321229469601256
66.81982341478016
66.81983929838687
69.23816790115839
69.23819513651908
74.03817873749834
74.03823142117318
76.918883958699
76.91888770635998
77.94696291620815
87.68166758154123
87.68168422764657
88.0847659744709
88.08477956247901
101.32937534718664
101.32938234924352
105.82180442815698
105.82180595270589
108.30395614402715
108.30397980863329
