-5.627442956068762e-15
2.825200970153289
2.825200970153335
2.968630350987093
4.393515984221548
7.145819161455789
7.145821956570241
14.248818482074606
14.248818482074647
23.989250767684723
23.989265250458107
36.168412733326896
36.168412733326946
50.537827811813685
50.53786415750415
66.80450754834824
66.80450754834835
84.6366621702602
84.6368199011442
91.3856053699796
92.8135605697933
92.81356056979332
97.21695295038813
97.21696253545329
103.67107645321704
103.67107645321718
104.45626579468686
104.45626579468718
114.3840760029909
114.38409773208284
123.51959530476755
123.51973768705732
126.79828516125153
126.79828516125156
141.44608323399686
141.44612586681225
143.77821217438878
143.7782121743888
158.0293170810363
158.02931708103634
164.03400849169677
164.0344192375734
176.21021501907265
176.21037956715261
183.87537789547704
183.87537789547733
195.6188984520247
195.61889845202478
202.8976514576288
202.8983615660499
