2.479856597847885e-13
3.902416746471627
4.395393044528559
4.395393217710319
10.218989417372656
12.630760111471519
12.630761289633467
14.428842401557326
14.428843254123922
19.368828712642028
23.017906797629532
23.01790950015297
24.21539910489024
24.215399162166186
25.664813718991272
30.214562126099384
30.214562161017966
37.8826624406407
37.88266274643132
39.071745901324356
39.071749851204906
39.478054496222185
41.13558549139349
41.13559362187687
49.95174057586203
49.95174110047956
57.30929029812443
57.30932396743951
59.729019140329946
59.72901961859037
64.33437406405042
64.33437444694037
66.27061769763539
71.48736012508688
71.48738263648119
72.7152308810392
72.71523175029736
78.9988832396903
78.99890489248162
86.16349328900125
86.16349498767339
94.02920267584543
94.02920576974675
98.90314582766054
98.9031665430611
99.15888189021136
99.15888685877364
101.093911928742
104.17247511209976
104.17250773545676
