-4.188316360398403e-14
5.48745754776659
5.963314147592782
10.571995790035974
17.947985742973035
19.571771617816637
20.230359527301562
29.633487811446127
30.0376440443701
35.63699769435608
38.33745586836786
41.1142999241661
43.7488889014373
54.32958996960691
55.00625601369593
56.06546447687379
64.16354395950258
66.6132725443989
69.03114238426834
71.81802566821742
73.71662426128431
78.58112039904823
88.2502938177569
91.15993762596848
91.79704435472689
96.85646733772187
101.76332773182075
105.36531660989029
105.8358266452861
108.93413628328597
111.92750974392415
121.20528664299803
122.73926442273924
129.62616546452145
131.86058865439722
133.99568118806184
135.30493889501415
143.2585752534984
144.92445385740407
152.21830515514452
152.6134177595663
153.67391967100602
157.7722131769341
164.27875622976606
169.80998431993797
171.68588999808017
178.4900639375039
183.1553348345828
183.30475199634841
186.4848724815731
