5.373132494490562e-14
3.4261914031445277
3.4261916867744118
4.959276090260106
9.379901185881728
9.37990832473657
11.691000669202126
12.7960698609922
12.796071739063354
16.72161260986822
17.42649262306239
17.426498528574715
22.510101928333558
22.510104249117898
24.946708284724906
24.94672457863656
27.498221247933888
27.498234188079955
34.63170216326289
35.14735466178134
35.147372904699594
39.71485158235446
39.714856365606614
44.49566397001638
44.49566862207322
51.262081378734784
51.26208985620789
52.8646271273849
52.86463005106403
54.1476660332537
54.14767224571426
66.53774822729994
66.53775550886644
70.82861049212039
70.82863054304107
72.75838593191878
74.14683191327069
74.14685668223042
75.74015023285463
75.74016277738126
87.64291439486983
87.64291695159464
89.76780468186965
89.76783678958161
98.2836961679696
98.28370737640446
99.96591461121054
99.96591920831378
110.67049628850823
110.6705013783576
