-1.7392337570143468e-14
3.381673424733482
3.3816738931318002
4.969450530755212
9.236999826426308
9.237001289189607
11.819507849856448
12.633347991744284
12.633351768943887
16.47940666117176
17.13185028732136
17.131850978956653
22.719664355490984
22.719667759817614
24.493136648531912
24.493140411344815
26.995222386296035
26.995229766820437
35.31973836036667
35.31974798108156
35.906656257866935
38.94280033352133
38.942808985103696
43.74840515735339
43.7484081999846
51.146920090122194
51.14692318192034
53.04017411240752
53.04028042372818
54.33939889874817
54.339402984438166
66.43972541581886
66.43972778556277
69.31255698113502
69.3125834418659
74.09800943665844
74.09801426534919
75.81428570699714
75.8142936182677
76.258143365252
87.57263930619087
87.5726422431129
87.76198660030357
87.76200199421527
100.12316945801908
100.12317137386246
103.92838495874564
103.92839266093428
108.37656777453131
108.3765958633714
