-6.574601973952099e-16
2.309699362016993
2.3096997697050923
2.359828703459642
4.695602430934557
6.836881203775641
6.836882158127013
6.9054211191223684
7.043762988430694
7.043763210109692
12.077984143227098
12.077984771144347
14.604858883947648
14.604861488980024
17.813538390590267
19.221457423664134
19.22145846777763
20.518492045271678
20.518499339808184
24.139093130778388
24.13909366503526
24.555909309248594
24.55590960062981
31.72923762453265
31.729239322827024
32.20649564314134
32.20650210039781
36.38655681815263
36.38655918122251
39.97968255981296
41.459492290489614
41.45949315598156
43.193397081469044
43.19339878405876
45.13935625248039
45.13937080420579
45.986654666347164
45.98665495506934
49.56860205126363
49.56867886487644
53.37663460437292
53.37663780534012
56.71374865399936
56.713766917601966
60.07598632773173
60.07607634791748
63.403006553964595
63.40300724816515
63.573605015864686
63.57366204117738
