1.383268499743906e-14
2.420006390860634
2.4200063908606406
5.373354783525161
6.878395539561564
6.878396040631629
7.493361847306034
9.172504853067332
9.172504853067357
13.158958708550703
13.158958708550717
16.772989450899267
16.772989863774182
17.56007877912281
17.560078779122865
21.11237583296759
21.112382833277437
23.047719167377654
23.772552680979864
26.17286925768892
26.172869257689015
29.550024540434716
29.550026445520636
30.114354541963824
30.11435454196388
30.527691831066363
30.527691831066388
37.14226731247176
37.142268117209916
37.93275554506393
37.93275554506394
41.15022029439375
41.15023469337758
42.296004791370464
42.29600479137052
44.8783195100294
44.878322452502054
49.46316120473231
49.46316120473237
51.28909281025251
51.46850721597341
52.688082824920905
52.68808282492101
56.39356479725779
56.393567755108734
60.0631162855658
60.06311628556598
61.18368398152205
61.18368398152213
62.17416160869195
