9.032705139411235e-15
3.4504266438234574
3.4504267570009586
5.003858606404985
9.414167534851975
9.414168777792808
11.788665813302577
12.885581424911633
12.885582397578062
16.94757114880288
17.405563269923878
17.40557489729199
22.678580501802887
22.678582895378298
24.836724729021036
24.83673029583113
27.278810064069532
27.27881765864998
34.93174563024997
35.354808974758946
35.35481455882497
39.05735629799476
39.057363186596234
43.69538224022895
43.69542347654668
51.1845642479347
51.18458554912296
52.692175425787475
52.69219995842702
53.385192624561675
53.38519420990134
66.13635849375001
66.13638164680722
68.06833976277103
68.06836123774056
72.56483733985607
72.56486769213623
73.82722958550205
74.93013196633643
74.93013842992127
85.02015605374903
85.02017943589227
87.24153064805203
87.24153180185652
99.24857094245648
99.24859214589473
101.51132023817993
101.51132268787897
102.92916424522232
102.92924490772722
