1.0291247021232408e-13
3.3503216085697822
7.960493216552467
7.960493216552488
10.75924883439048
19.94016945965621
19.94016945965634
20.30981099246186
24.17207678391959
24.172085691405858
31.953446353721958
35.401967236256546
35.40196723625672
45.85052096901147
45.850527507957196
47.812092406122325
47.812092406122396
48.295567447807365
48.856816430128504
48.85681643012867
56.86708395804968
66.7341924598108
66.73419245981091
71.60386422886788
71.60386497817254
76.04150516007833
78.7188273849841
78.718905385965
79.78136979722179
79.78136979722187
88.82154149753167
88.82156001458839
94.39492950012713
94.39492950012735
105.92625454121958
110.27241223535941
110.27243748950673
116.9461665069778
116.94616650697785
116.99451897092536
116.99451897092545
121.25852666824699
121.2585798320948
128.6654647950429
128.6654647950433
141.74415950198826
147.76468805321483
147.76469714921598
152.89319290166068
152.89319290166088
