6.71511457550622e-15
3.494835088443985
3.4948350884439874
4.913763819017584
9.53802805953997
9.538034550329064
11.41348386196877
13.02303177317586
13.023031773175873
17.418054922245684
17.585178951518586
17.585178951518603
22.06171046633301
22.061710466333064
25.029434293289714
25.02945562959396
27.397502010798906
27.39751023527321
32.26364758670714
34.58221772563136
34.58224029898742
38.88029796292207
38.88029796292208
43.187634240356786
43.1876342403568
50.2060177497078
50.20601774970782
50.2102749855923
50.210274985592434
51.83800373881859
51.83810105414677
64.40175934941556
64.4017676898315
65.96390906526078
65.96390906526095
67.23815973870232
70.08063267943568
70.08067153498183
71.25650708117107
71.25653000344113
80.7888252619703
80.78884020380562
84.93277598470996
84.93277598471023
94.04084466586367
94.04084466586393
94.94923583826508
94.94923583826521
95.19066770016029
95.19066770016063
