1.028586937845688e-13
7.291189670290843
22.708870938996768
25.530758905856665
39.90526580760604
50.61876776313254
58.655700282397646
77.44643355479553
84.6541639142305
86.56850251817998
104.46475043205224
107.64234798490959
124.69998887168971
131.24546200893113
140.9987441092331
157.1879170584506
171.05656533742535
180.32333829962792
181.33850553977243
190.66084650139592
207.2268583578641
209.8510991716688
228.46291814012582
243.59686410212296
244.940960495911
248.14970878412907
260.0276418162492
277.13227327029915
296.87441555938864
303.8820649248438
316.34880829341506
317.7987806992936
324.23616458423544
331.74339798857915
345.2730518635308
353.45300211584976
364.02827303675326
386.2932610575172
394.05854136166795
396.85916863396073
404.4803033370334
409.392437582991
417.5701106727599
442.04005182475635
450.8057072812093
469.1736244857086
469.3645925150745
481.7659847404674
484.70140263851715
507.27835931152407
