-1.2009490624187436e-14
2.61114016073056
3.5548798635720713
3.991681898638234
7.847497847903149
9.021221080968388
9.641675231707454
11.42723078032097
12.795123555971466
16.427348794555712
16.83731987873042
18.492343479457347
18.585639251551623
20.90793955319072
25.05978841820041
25.651865662998848
26.98725188631538
28.5145996199716
29.592868348223316
31.66892378820565
32.38351158132295
33.62615607257203
33.646271793764114
41.49881317576931
42.73475114384448
42.91635664715719
43.24232679159566
43.47536346570284
43.517507917870745
46.782835609334825
49.42599489141522
49.47030416593537
52.26659946638794
52.40154539985002
57.25396854015877
58.51468659859426
59.256521324501314
61.076631448966594
64.7977912408365
64.91152109723866
65.38827842978843
66.12802223058343
67.04227672217317
69.1831625092116
69.4191162144304
75.16591084899206
75.25968829221185
76.26037724628742
77.78354780453549
78.42884738962455
