2.8211807889810814e-14
1.9508299534463154
6.4213664685026215
6.421367308245642
7.408523362648654
10.019636069136206
10.01963850810815
14.171414750281848
16.84527575132198
16.845279259356197
18.93953061869784
22.898909928356527
22.89891047481177
24.76351689350301
27.19870239659337
27.19870620670653
27.37173451110721
27.37173629923911
34.75347184648896
34.75347474266447
36.1472232133611
40.789853965360436
40.78985754628372
45.11534045388653
45.11534373287702
49.94725515446595
49.947257675555804
51.57341090632659
55.50246356861592
55.50247106277218
56.797651743216136
56.797654789196194
58.375356750049775
58.375359730895035
64.01964822132489
64.01966233357888
68.62540700357737
73.96298164927609
73.96298400740928
73.99724382514653
73.99724618671273
74.9207491041988
74.92076820592737
85.52966330864828
87.31105030553893
87.31105115409255
87.9514900363871
87.9515098501012
90.78520485751413
90.78520654493883
