7.147060721024445e-15
3.335338318331331
4.062768940320542
4.062770001426185
8.992141601214353
11.7277072593165
11.727708170470033
12.839436366036084
12.839437519732346
16.355113564649407
20.967983424165254
20.967989754422355
22.52447384905598
22.52448624710763
23.59605002093255
26.891177619720153
26.891178123297966
31.178319925149985
32.01847334119811
32.018481499619625
36.35237421941764
36.352389869308496
38.085665989425124
38.085682365125564
44.30161945734846
44.30162345607786
48.73919880953081
50.458897659623695
50.458901116326565
51.02385249602536
51.0238558714196
53.27725104805226
53.27728650690026
64.41891021320075
64.4189212122749
65.9850928702089
65.98509453365132
69.1115340644128
73.20150156196196
73.20151319931149
73.32501834571046
73.32512194138762
73.51018886520338
73.5101989013958
74.37222974148271
74.37223776922329
87.4591430163516
87.45916981691273
90.11063583757196
96.13989616597759
