5.2197829392142125e-15
7.305772760947588
23.328530510932612
40.26915373870921
45.63725078747855
53.0205150324798
71.13138243914244
79.39645602572035
92.88178121335042
96.73266309674987
118.23037916437306
119.34551022285821
127.09774573069961
136.63009137027043
142.56540770229321
148.65258714652504
152.81571544414257
159.69137644413962
175.70646384368567
182.60427248058406
185.25206251142387
204.46123742206095
229.72644113531007
241.25836633545396
241.7281312427466
243.85367658980252
267.907369448577
302.3694801662255
303.99447506373997
306.0415584168531
312.78481285618795
360.30572169830504
380.8775441744432
408.1894409939073
410.53411789793677
410.7756850356093
419.7264011974569
420.3795876098637
422.30645598512535
467.982004796271
479.68325968363393
501.87300187387945
529.4652766098687
548.6415879101371
550.8990385875634
564.4368308267746
612.4482953627735
616.0282445082754
634.1085204704427
638.9096060952114
