2.499736528882579e-15
1.8718167044366052
1.8718169031880911
6.8250186987089405
6.825019717366896
13.770899812748072
13.770900986950625
15.094015445982278
16.056146172258675
17.044427657245876
17.044429276856707
18.709354881010945
18.70935641616544
22.20974946670208
22.20975285159113
22.701835927519866
22.701837843220627
26.962957250572334
26.962961690092722
31.543206102303756
31.5432094816188
31.955975501020184
31.95598382659064
40.763612250477834
40.763613338584385
42.797096844104395
42.797101650069095
42.87198710348961
42.87198910324095
54.452249006604504
54.4522492747812
55.99598748567797
55.995993353390226
58.65171631847487
58.65172233960198
60.72194582651633
60.77133631588168
62.92987053120488
62.929873411457216
63.02329962725659
63.023308368663635
66.59609998702409
66.5961055866452
69.51100769850072
69.51101708899817
69.82254087928571
69.82255058418903
70.32790084569127
70.32790460057431
78.38132715971184
