7.444045380111675e-14
3.563372184315205
5.287518102883615
5.287518171810535
10.400506043408413
15.503773157652427
15.503773899108191
15.62900313853537
15.62900415059935
18.55011415626174
26.67092323006782
26.670935116720088
30.041744867708207
30.041750352257143
30.52170231481636
33.70578611838197
33.705788105191225
36.095702179152205
38.23202968224249
38.2320383436902
48.74760250007386
48.747642302278194
50.563677681417495
50.56368595305139
56.43345734133153
56.55620463855541
56.55620718874641
60.77264202640125
60.7726508799711
62.79339626642228
62.79339922385035
71.65509266734185
71.65520552074928
83.58690793833674
83.5869308010773
84.99941114708504
87.06866103149734
87.06869700437244
90.95293309459039
90.9529345274856
93.26144492518323
93.2614460843318
95.70587474467591
95.7059313397098
98.73989909130347
98.74010981249982
114.910875287199
114.91093675395811
119.91279415742997
125.13810875941579
