-3.144533244903158e-14
2.543209141122059
8.412814727736544
10.145896308097143
10.145896995263195
17.13840419094336
21.761720520343832
21.761720674402692
27.62339631118505
31.84315681938785
31.843171898860795
36.617679930430185
36.6176826575199
39.697840583077
53.39353045033077
53.39353728448126
53.621030381198096
53.62104371214727
55.39388782944918
64.01230076173144
64.01230867171788
68.5459784717163
68.54598154303922
73.02121548244884
78.60969770464814
78.6097075962259
82.33908866598642
86.63711174535764
86.63711425718637
96.64136864762087
96.64137831526395
103.11596389819711
105.73597512829639
105.73600661852048
106.30257154387759
106.30258770090241
112.00440541950599
112.00441315917531
124.96556636531336
124.96582310475307
131.3910642687531
132.31026694792612
132.31027410494121
142.37774973815397
142.37775280224497
146.1570010159557
146.1571191928441
150.1566522406404
150.15665363311777
158.60429486216702
