-3.1662866772919074e-13
2.420901665488718
9.590589473454873
21.23365135392939
36.90307209940092
55.9978392121155
77.7863247702119
101.43572607188906
122.32154927325972
124.48046931336617
125.28415131913296
126.04437389358534
131.6272813792954
132.5608828313278
143.26361918863077
144.26933649074056
150.6794705315768
158.98342535069003
160.0062412690947
174.41603538855844
178.2315516198846
179.17588245508972
196.3765726430811
200.3182665204181
201.04483477400746
215.78011693717647
224.4368779337163
224.77712935661995
231.9864894841271
244.5637583464653
249.44924149776162
249.70727096401006
253.3429684879017
258.4307185855215
274.1475409160741
275.1443977184655
297.9158846934426
299.78308008211746
319.8632521172457
322.6483442820127
339.18542238272113
342.81646759675874
355.2108973110361
359.46071348320896
367.4766475422596
371.88357087139707
375.82144971084404
379.55691481671823
380.47531818286205
484.3787465331486
