1.4718781748968013e-13
2.2913043966387114
9.060501366341537
14.422858934625228
15.753062868856336
17.77563902120004
20.00112368718251
21.95754246299433
25.091189035397463
32.20747377873572
34.618987021772874
36.607189178228275
46.30399339909948
51.95043438433312
52.12394597802929
56.09075545731604
56.536446696293105
61.691824749724006
62.4025525403734
63.88793734367368
68.70816075952087
70.50833601734065
72.22151267736955
74.47226720187838
82.12192624990192
84.42213732655952
85.91439323778856
91.54280860893375
96.0842748998264
98.35636144796014
103.20711286518856
107.19662592885165
114.19183021596349
117.590923540614
119.91231293445937
123.61149951239696
123.86433720347988
123.88745560173325
129.18782106143078
130.63540948682387
131.9729570371724
136.7447905230708
139.21097045934246
139.4074664800607
142.92973332159653
144.93902502942
146.4568660455613
153.23445794204466
154.62442911477933
156.47292408262538
