4.548618426358786e-14
3.636483326852541
3.6364838977147502
4.656321084435813
10.105329551585848
10.105330358480389
10.74556152380448
13.391097192276433
13.391099298785674
18.24154988557731
18.962746217089467
18.962755469179896
21.325594725462935
21.325596276299333
26.94682817907462
26.946829348954076
28.166867322400027
30.132759324980036
30.13276264352974
34.44563739948963
34.44563891324597
43.71809642812324
43.71811523171329
45.42191373826979
45.42191610379161
46.300447381474115
46.3004510610266
53.871509773830525
53.8715165022897
57.67030544710178
59.774404634867686
59.77448603993713
66.34760347838984
66.34760482915905
66.37075836235014
66.37076232113854
78.31623192802336
78.31626059454449
83.59752013985617
83.5975250730871
84.56741039065811
84.56745947208745
88.1700145055856
88.1700279674476
90.51704745849293
90.51705984012494
99.33275129534944
99.3327752165546
100.1610532489634
112.4428755529521
