1.768377111410757e-14
3.40751470126797
3.4075151866096185
5.054858260702838
9.291024985452095
9.291025732851613
12.090447362141557
12.726853281907346
12.726856796740798
16.601371090703186
17.205921920772827
17.205924980385586
23.220596883349554
23.220601993629206
24.563866473942355
24.563867826883442
27.072451391048226
27.07245814165009
35.975306432953296
35.97531064811706
37.22707999832447
38.99902172525208
38.999023239971045
43.832508617153266
43.83252514127522
51.855078868559545
51.85508285012565
53.04056220517374
53.040571900528775
56.021173366097365
56.021179627636776
67.2241108714416
67.22411616549842
69.20825245578352
69.20827917311306
74.01523610264069
74.01524995572962
77.84835342699681
77.84835706536454
79.23953414838937
87.48751840504057
87.4875567044541
88.68566801129344
88.68567203692953
102.49992709321245
102.49993192969423
107.46090677778913
107.46091612819235
107.8469776618484
107.84705305811113
