4.078423362918748e-12
3.9848062718254136
13.30057071174192
27.787565428565177
47.24818538707454
71.42292229742311
99.99468648171498
132.59554661777307
152.51089762607432
152.51090046841128
168.81472826507735
208.2072116424167
214.89352175804123
214.89352481346634
250.30460986656516
277.90458380095964
277.9045893208953
294.6231711220713
340.67128017920027
342.9100307538239
342.9100372097615
387.95261332172504
409.885740107656
409.8857455531328
435.96861432740826
478.3941473433154
478.3941494518491
484.2129326824494
532.1725735070376
536.1972706473761
536.1972718784141
547.8101671289988
547.8101751341601
579.328214072736
617.4007467971887
617.4007495006767
625.1535324265358
668.5386613240242
668.5386690877972
669.1226932899705
686.4185715824319
686.4185806691294
710.7162360063921
749.4254726209822
753.9441877099822
753.9441948734204
784.7654679170677
789.6438627253984
789.6438753206153
816.2613469532204
