-1.1025902413308586e-14
3.4423775361822515
3.442377717534824
4.987977090539959
9.422940732604138
9.422942666532858
11.772175967758741
12.859836746944966
12.859838031243815
16.808590438660705
17.50384689624387
17.503860332958126
22.673376797937532
22.673378936892522
25.057265561178603
25.05726907039974
27.614571768310903
27.614581852304262
35.090371283026364
35.41426832188146
35.414272188861624
39.872043695765655
39.87204780647231
44.69956663494271
44.69957350475456
51.62194314349839
51.621967445295596
53.545650935910786
53.54565319229526
54.34353660484032
54.343588936361535
67.05495469070878
67.05495944535359
71.05593863110978
71.05595784958541
74.30807730499207
75.14457163451235
75.14457753256688
75.9756364591616
75.97564694449984
88.37823593583846
88.37823984465483
90.01310945134993
90.01316023047599
99.65849795312137
99.65852098410215
102.01403305037094
102.01403607362376
111.20499050488392
111.20508580407706
