2.7134544611229217e-14
3.4294987039311153
3.4294994038474433
4.998768972293118
9.379561584798953
9.379562500524623
11.834681302899368
12.812609752694312
12.812613070247416
16.72986097434916
17.412571579923007
17.412572028479975
22.773105259558875
22.77310857474401
24.91506802436967
24.915073171901582
27.457924497245468
27.457925061911045
35.50217283953822
35.50217820029144
35.55823969693895
39.6329027334419
39.632910048752215
44.477131550458104
44.47713188885404
51.60685421479173
51.606855884812994
54.0049137499123
54.004952570139174
54.07427644937872
54.07428213130348
67.05519817290342
67.05519976291492
70.60087477322172
70.60088720718964
75.41007999375789
75.47806515567268
75.47807734074267
75.70584828128946
75.70585210423228
88.37485407296089
88.3748576239186
89.42475337500802
89.42478073023287
100.2314556908332
100.23145593924225
103.21134334003594
103.2113548090811
110.46662005955366
110.46665723533418
