-5.403663627667754e-15
2.2592445280743956
2.259244689748487
7.122533201181178
7.122533414872248
8.62516343281003
9.947333607892912
11.249394069447108
11.249394475859875
13.762745615417357
13.762745964372398
14.972884816766513
14.972885255302126
18.271806187984755
18.271806305622874
22.234179164620496
22.23418010811419
28.175437415433745
28.175438778479936
28.727928133969385
28.727929591047864
32.4787747292971
32.47877892274928
35.46643770547289
35.64069587477391
38.952167446740866
38.95216921743637
39.59127092457045
39.591272121869295
40.10056547062138
40.10056591091471
44.38952996272456
44.38953065324578
44.685865350323084
44.68586557095914
49.217304902070424
49.217306266496465
53.22053624156225
53.22054072947702
53.76053956170818
53.76054481407089
57.836210758554486
57.836227021936864
60.87508214419162
60.875085059606654
65.03642016326661
65.03642360730808
69.01591629814625
69.01592652247795
72.66978338269874
