5.186823193170653e-15
2.3834072598513965
2.3834072598513987
6.791988142818225
7.046803871245979
7.046804324415599
8.412060132481121
9.914165687006165
9.914165687006182
13.58226330374049
13.582263303740536
15.801434632906252
15.801434632906346
17.42060591533689
17.420606178298815
22.010893002346773
22.010896694093642
27.265750863055107
27.265750863055246
28.40978156463775
28.744186618742454
29.990952787869844
29.990954033240854
32.26474731834692
32.26474731834695
33.16507352452366
33.16507352452371
35.234012379102744
35.234012379102765
38.97470337204194
38.97470515721605
43.93505956297914
43.93505956297916
44.25503327019354
44.255054208654975
46.079374206336254
46.07937513775449
52.4533732770811
52.453373277081106
57.87677428261061
57.87677428261064
57.97299263343839
57.973001121948805
59.15383435248981
59.15383591476978
63.19848204371646
63.198482043716545
63.25152516219876
63.30308475808199
67.61427129158285
