5.976295847087698e-14
3.2337734480045675
5.955537746415574
5.955538028127631
9.968250729700507
16.238070959633212
16.23807190518
17.736108684567643
17.736115117010378
17.930754244905994
28.644961922037194
28.644963389718576
29.333737915678878
34.662167357646204
34.66217268157099
35.97510695488088
35.97511271988966
38.81080267931303
39.096425940645055
39.09643201130565
49.44033345474174
56.26598580348334
56.26599657395977
56.54218921417881
56.54220505917905
57.70554090461835
57.70554423755388
61.25482634802131
61.254827814301144
66.56742587970297
66.56745133089476
72.29248529117227
83.37758298321697
83.37761022054055
83.5381928109355
83.5381931469613
91.42703916060407
91.42705578769493
91.55155441189915
91.55156404388315
92.43467159991386
92.4346790193472
100.20075023028612
109.69042163688616
109.69049024306906
114.35083441141842
114.35083904319644
115.10548135836738
115.10551210723699
124.7757521906144
