4.107825191113079e-14
2.2862405903567713
6.398973548329307
6.398973793769279
7.444215725335881
14.506832064231684
15.21244925539437
15.212449749758767
19.652877718368643
19.652878306008137
22.621113821099524
26.690774246125738
26.690775917551047
33.81835760393198
35.778823793426874
35.77882478687977
37.756792705016835
37.75679539003507
39.12116474157493
39.12117674237939
44.702086825510484
49.26293731544753
49.26293752079158
52.27438798725241
54.87507849063826
54.87507909362504
63.02327757451482
63.02328656305717
64.68756468978114
64.68759038285458
67.60109298962156
67.60109512149543
71.12217146819964
71.37932243332054
71.37932791910387
83.36021768779807
83.36022204704665
90.25800898004265
90.25801593711812
90.85282977935714
90.8528303991714
94.63288865921305
96.44275980233395
96.44280442056917
96.60846536490786
96.60848257766636
108.54061147464898
108.54061480614223
118.01869304863743
118.01869602691487
