4.6629367034256575e-15
2.2973121384139525
2.2973121384139574
7.117988090751591
7.117988507165763
8.12144036275471
9.500629405036515
10.853985722655821
10.853985722655844
13.74499115326223
13.744991153262296
15.007153834850161
15.007153834850191
18.019544060574763
18.01954462367924
22.244741819204336
22.244748278961417
27.950571285694927
27.95057128569497
29.17916284738118
29.17916429057232
32.56713948957612
32.56713948957615
33.434514354796534
33.63578619002381
37.16818788719387
37.168187887193916
37.999245100225195
37.99924510022523
39.86696221204425
39.86696632109863
44.59620183083755
44.59620183083759
44.62512967995589
44.62514105539808
48.04393752905796
48.043939724633255
53.464260187494666
53.46426033099865
53.55948774133921
53.55948774133928
58.31361059191217
58.31361059191223
60.47946127829108
60.47947212462993
64.33961115282112
64.33961115282113
68.92621624923342
68.92622755809843
73.51183189182964
