1.2529907666980478e-14
2.4436085860884815
9.403469012066584
19.826101357388094
27.756500599271416
30.129794558869634
30.48432469499098
32.14556184973834
37.10864292191197
37.51822295934449
44.54299041223299
47.76280898312027
48.02290573175745
55.27209716447555
60.40670403797939
60.687763595733195
63.03969445513441
67.3928942745443
72.84646447980784
73.99775244976381
83.52352619831542
85.62801764955023
91.08137502251668
93.5923308243009
95.09156131877005
106.99017491842619
110.39109530267852
111.41598816321688
117.59199645281888
118.39736397082788
128.09482217366516
129.05671288020255
140.44066086771085
141.9644568316222
152.78768169071915
155.27357491114864
163.3058976315113
166.9066413583377
170.5597533726009
174.08533489801368
174.8772964195275
227.253429101468
231.32251010251255
238.82923369862675
239.8418700743709
246.79899106330575
249.007314906472
254.03530267970535
254.9023540090866
257.47081380598166
