3.191891195797325e-15
3.1488598186450125
3.148860506551227
3.389598456464316
8.306561062805887
8.30656132538092
9.039011290124172
15.955258665973746
15.955264563035756
19.418528188707068
19.473812804073297
19.473815335684094
25.921920926619173
25.921936606186943
30.199739696689434
30.19974156194315
38.099715245339645
38.09972361153552
46.68912442650199
46.68913184801501
52.29105459902242
52.291063124814855
66.04104847607967
66.04106746250221
68.22331446531975
68.22331867253129
68.2658764895818
70.76158046815466
70.76159291564228
79.52948589056278
79.52950040261143
85.57226950656072
85.57227390444726
86.22309271797675
86.22310575182381
95.37561650704976
95.3756285086965
103.97747103023451
103.97751476007357
106.99785590075328
106.9978688424287
119.58956066029103
119.58959546909954
123.05352881333397
123.05356830801323
128.61563262649233
128.61563748527064
142.39965779174918
142.39973237054534
151.08515607311588
