2.6341775982707816e-14
6.349556259922974
12.204276824569316
22.95378748214465
28.605069597390745
30.59046838680605
46.23140296908152
47.66698393145698
55.85026332313456
56.9921683958982
71.14943355913702
73.2519113724579
76.46936378885938
86.80883142259485
87.91932433949489
97.82361798899156
102.16131703288734
105.85089412103667
107.54403688452662
119.0584647681266
120.89763369327338
128.05600314255466
128.38506790208748
129.7050473270237
134.50026237389886
139.9245529524327
144.36581439827864
149.01552699222685
149.3290093221193
155.87131155095005
156.83866293448955
163.07092101127168
165.19229962206
165.81810817318285
168.14434004323675
170.4414300179786
172.37459975375745
178.23920994122653
183.13021594498323
189.4334174821912
190.80454854388324
193.9485477303813
196.34004268330145
198.98922502191598
199.71819336813795
208.94119737831113
216.30818501342284
217.81487798186404
220.50145132391066
225.96149777837047
