-2.6575963651964685e-14
3.461138631532632
3.4611386315326502
4.863750509529304
9.509505549159423
9.50951081943564
11.32415482097887
12.906561947538778
12.906561947538847
17.010727375801537
17.704752514060143
17.704752514060157
21.930337113088154
21.930337113088196
25.35755755911725
25.357578579713234
27.967548049896337
27.96760146117422
32.32421432543133
34.53313934183088
34.533154258699824
40.39990001929189
40.39990001929196
44.883507275445034
44.883507275445155
50.13334174497131
50.13334174497136
51.0719684170847
51.071968417084726
55.052829713120204
55.0528919101112
65.86999716057902
65.87002883031019
67.36602685721817
71.09353691138935
71.09355078348798
71.93469894736425
71.93469894736428
76.9972638264346
76.9973364241606
86.84789224057033
86.84789224057043
91.02761535090013
91.02775263652632
93.91653006752588
93.91653006752594
94.95774712748923
94.9577471274893
109.86670751733479
109.86673386661516
