1.1367642938076017e-14
7.082861293538966
19.363364931636198
23.904984683550232
32.681672593928866
47.15449764431546
50.71571867424086
65.0551705831922
70.32648185622074
80.51149675337103
85.63226741565981
91.35167331724826
107.23709404745922
115.67056575677833
120.05628650449216
134.602061212131
140.0294985505551
152.37788143909938
156.54486827749085
165.73033892248682
167.76052853267015
176.3809598298606
191.14885554839606
201.78814462778539
204.36283889444172
210.559399439703
218.30203294560928
232.84233319582185
243.92638964428508
246.0443673608015
260.85787466748616
264.9921165467597
267.5397529218152
272.8805941166587
274.6524870279141
292.9102577062586
294.9952962226831
308.55149135244744
316.16929617301673
322.99338484494376
325.4516651093007
332.2930401758978
341.3401562096679
354.5501972892365
362.6699106683855
367.90268855744716
373.64430391707185
381.73334013742954
383.86794922682776
393.4868179218569
