6.741135427645872e-15
1.99982169391487
2.002074828278404
2.0020848791819223
5.981481704886329
5.992589441220986
5.993302570992304
6.000994549252221
6.0012719930432885
11.910720884567095
11.945451498541615
11.947546125924077
11.969716961878369
11.970211088762651
11.978772168890616
11.981399684419449
19.738576691701166
19.818758758377214
19.822791808786178
19.86763412492612
19.868972624301357
19.903625113727713
19.9091757880046
19.913574804488018
19.91859452805978
29.402460444170817
29.554667851684894
29.562579759268214
29.638342855767117
29.640213794345684
29.732163322583787
29.73476735838913
29.73858936438537
29.755710901713517
29.788203382018455
29.797501169215547
40.82346892160173
41.081493787765524
41.089268098966535
41.20326536083608
41.22491365171191
41.369210331406926
41.40092659143013
41.41636938732976
41.436498386535945
41.50742536477759
41.53164989854542
41.55193564089275
41.56406929269302
53.910309132154175
