8.143659357973121e-14
3.950606841927148
7.36551152031498
7.365512443214537
11.673212432498193
19.315670551791687
19.315672837070327
20.708862701686577
21.914968680524666
21.91497572996326
30.656287480418488
33.004771924860634
33.00477379069952
40.7499094314152
41.709265744814836
41.70926946359544
42.7925438235516
42.79255039918708
45.13211041041374
45.1321137837204
48.3459603966869
53.06316603586043
54.62375121417528
54.623757104117296
57.4537329185414
60.68711290809351
60.687113313938916
64.8746728018182
64.87467959545036
69.03001899002416
69.03002309348581
69.72705008639353
69.72705449437039
78.54534751352541
78.5453531323736
82.61095999042857
82.61096214271457
93.97405401694002
93.97405932247075
101.28323603724974
101.28325242259176
102.72568741120787
102.7257283811169
135.97346438597182
135.9735328199711
140.1371937200484
140.137208515512
140.1529572827021
140.15300068711954
140.29661058935852
