-6.807054919732991e-15
5.801505942893605
7.100229785026801
12.106010550551503
19.203938131779957
22.232214262444035
23.806415608051015
32.973113221608536
34.30911553793449
39.18535949072468
42.824197032324854
47.762975452588186
50.60062848049827
59.725839149852625
62.65247512314901
64.42038160105137
68.15618316396416
76.1440845186375
77.49867363238245
81.64481872953729
86.79628923672583
90.03239585668906
98.48631591919434
102.45141259065086
103.37045263550877
106.25069602748715
115.45402742779828
117.0556041513844
120.48360384912678
124.4182314873615
131.18755360536352
133.75636790885872
139.88906687229326
144.50125120682506
145.9904868976451
151.91910844330982
156.84196760993424
160.51983556797305
161.3646122258369
169.5597480029763
173.53452944989567
177.6983936646868
179.71806968263112
187.02783239841938
192.36920750670788
195.29357856979266
196.65762910734247
199.29076333838202
206.9898230197516
210.0120575008116
