-1.4110240753595349e-14
3.6793370489752357
3.6793382462802833
4.370162247466958
10.212868502822046
10.303897796494065
10.303898929175952
13.306057917392792
13.306060792154005
18.614186229609015
19.43654043145733
19.43654103782028
20.70411403163909
20.7041186076207
25.201134832362666
27.102257544077027
27.102260627513775
31.00708545493776
31.007095164112357
34.11700319090774
34.11700765102488
41.40721916961862
41.407224818070716
45.121213489819645
45.12121891740939
45.489375186390824
45.48937792357417
49.84655590928967
55.53758260795921
55.537600239152916
61.54773132680437
61.54773380417223
61.842229719729275
61.8422502038494
65.07634235813602
65.07634794717474
74.24387333174586
74.24388283190233
81.19548386970902
81.19550057548436
85.00041607701961
85.00041921410832
85.01530767980897
86.90039804459659
86.90040435446272
88.30980177186474
88.30989121925224
101.9957747188769
101.99577562513475
103.18333289911678
