3.4514058278034554e-14
7.4597190656631245
23.413397645337955
31.307706773924142
47.384537479846585
54.66091999282146
68.9398328669789
75.37178785666816
95.22851935019615
99.56367760348952
103.7006766050808
115.79904982660733
124.05768650328969
135.49620958838335
140.6359536930809
146.00330584084395
149.35674787551827
151.34452309823112
168.56049436473631
171.25461771280345
173.06429488918582
210.47439933809855
211.5027891622339
216.81214715061424
220.431230988519
225.07145333951246
263.37958416563004
268.97122462120694
274.70336037627766
282.39091938561853
339.74933479715645
340.9450214936973
343.0270498931837
345.9433384161982
353.3156962871872
355.4951766358106
355.9137794474511
404.3678013037195
406.68635580173157
417.8838381317481
423.75809477364936
445.2502198453269
468.29061573289636
470.48023993027414
481.4620605632626
503.3867432266788
504.0122461553905
523.3669701292478
530.9784570208224
556.3689914038259
