2.041769531224702e-14
3.394579058287262
3.394579935761314
4.584594991312386
9.376251038577717
9.376254066222643
10.588097568881565
12.60994371657139
12.609944792843601
16.835712701525075
17.5237807115974
17.523785498158762
20.714933971386543
20.714938115929016
25.07064149826843
25.070647036375266
27.76596855694067
27.765976575014786
29.114939386253813
32.9973260933675
32.99733612683781
40.20482465489632
40.204830685749364
43.89881225990477
43.898816675035754
46.0000005902772
46.00000773764564
49.98476265434572
49.984771736574785
54.89622226402769
54.89626029319648
60.44050500116233
63.452521141544466
63.45252651024986
66.14857154977996
66.14858041988535
71.8567847443833
71.85678567815043
77.2195395264918
77.21954773397651
83.95062372426604
83.95062801469263
85.74138567839994
85.74139606043369
89.25379974282485
89.25380540572243
91.07953097067819
91.07953358625552
105.29928114985289
106.64272852851755
