8.870335022059805e-14
2.5641162274091998
10.120216031765304
10.149563029009004
12.337005278101547
13.050680611762889
19.722289585163605
20.846119144662623
22.435529937398293
31.849893509374798
33.4388231427395
38.54288045436414
40.297445077863735
41.76625349929579
43.61307013853112
48.421881099047276
49.07262183164544
50.31032239560566
51.77807480097432
58.72885292525667
61.08474519572195
64.94759117702255
68.98499652006133
70.68533405923645
77.5221738768711
79.194807841074
84.62978444068429
88.03895698387517
90.28020888938384
92.90842476761047
93.23146232367075
93.48230908535042
97.50050429729735
97.94728381938283
100.33295307882916
103.14748760577346
109.33744675126515
109.5824968574111
112.68504698618602
119.49206295591583
121.75122086062191
122.63627378884001
123.78867720625415
125.62052460873869
130.63171734739547
136.52227852481084
145.89464510441982
147.74124162869938
148.12691295804854
148.75202474001404
