-5.627442956068762e-15
3.9139017748937324
4.472282430816852
4.472286062954658
10.362018148854379
12.794594401451505
12.794596756642507
14.59253116685684
14.592538266702208
19.516862062122154
23.391956594431306
23.391975402543128
24.337137222052807
24.337155004953015
26.42626654685477
30.431617417045537
30.431619295589577
38.17251375794363
38.17253168616756
38.81581898138345
38.81583032704623
39.53536320931474
41.146830844778655
41.14683721722739
50.17189019184232
50.17190216212217
56.07758139367009
56.077631058607025
60.18931494089858
60.18932486219346
64.69773059718851
64.69774667068405
66.37575246259901
69.13835477784627
69.1384140168067
72.57271211812238
72.57272518304669
75.86420488025206
75.8643226387753
86.48683208077178
86.4868477408696
94.74621092413518
94.74622021586688
97.68515600506686
97.68518570663004
97.80191698336222
97.80194466629447
99.79995910025822
99.7999845145462
101.53627704520486
