1.6706948324785031e-13
3.8249053476135995
12.683340119590849
26.213930209118807
29.621979314269772
29.621983136696304
43.862703601972484
53.906426718782335
53.90642750116004
64.82291974646552
82.28301973061127
82.28302991382202
88.1608222074131
96.79006338619368
96.79008483713727
113.41315106486255
114.30857704910372
114.30859160430047
140.99822662670542
143.94879010818775
143.94881023508657
148.98540031969432
148.98540480303754
171.17299212977943
184.63169557919332
184.63171483775702
192.74135730851992
192.7413597153372
198.7921201185914
198.79222896166974
203.12697756838395
219.15019173154448
219.1501964230175
234.54571641480166
243.42156448919798
243.4215669231751
253.21089909001182
253.21091561375906
259.17419023316404
269.9824190100026
269.98250630587836
282.04299112754484
290.1069575220682
290.10696137365034
295.14916551081143
295.14917590784256
312.4950561947195
329.5424273828093
329.54244821551293
334.9159408069488
