-2.255140518769849e-16
3.081064668397128
3.0810652063494133
3.2041122553220496
6.129691971394595
8.738151138439374
8.73815246102185
11.193602473959604
11.19360252743985
15.177410216274039
17.46351781032409
17.463519589263612
21.08172513456933
21.08172718357984
27.34962194847235
28.94954581958629
28.949547982551792
29.29026661665881
29.290277879185382
34.626730873562735
34.62673227709127
39.90685813004907
39.90686202047744
44.19585793238801
44.195863434881154
50.769043136129355
50.769049345249066
58.39676318923585
58.3967650950455
59.563509806042646
62.108282717214365
62.10829163794959
62.23961596176578
62.23962172516821
69.67896702165122
69.67897007015392
71.73960916744686
71.73961691696103
80.79485063684942
80.79485899182457
82.92583932405188
82.92584534959013
89.21746572113308
89.21747053424413
91.37466365061216
91.37467053245174
105.00497704284203
105.00498176047975
106.5227767548756
106.52278815250392
