1.1489073581394393e-14
2.0921030224960258
2.0921034098989937
7.117953394541042
7.117953530288569
10.905729501989594
12.039526696467176
13.175386419478462
13.175388547833029
14.00341778535802
14.00341977583878
15.682624705424915
15.682627119075166
19.608431247469785
19.608431803723057
22.72426880247016
22.724271523288287
26.91494434399814
26.91494631162203
29.33440593743852
29.334406772794395
33.311470137405735
33.31147269578868
41.538321362142526
41.538323015604405
43.64081336785251
43.640814643858256
44.44065100583203
44.542768595967615
45.73040153196133
45.730404146829386
47.20374201058026
47.20375049297836
47.463723978646634
47.46373090215561
55.50018085365102
55.50018211579892
55.76293159882776
55.762935805573605
56.73742069258269
56.737423552056626
59.91924618886698
59.91925480104697
61.95761053425043
61.95761337191769
69.12935037924022
69.12935227864004
71.81365772133572
71.81365916432246
74.1126841148626
