1.8665624601510444e-15
2.8881542450258957
3.08002319350437
4.284729259406911
7.261593758015742
10.15381690623499
10.453523362199922
10.937160912823035
11.998156902983322
16.435697781812312
16.782603531863632
16.880670704617824
20.98272966490348
22.686332143248258
22.710685693306733
23.838900709583108
26.343410838625758
28.019097063117446
28.146281279326132
29.040839515898245
33.405704060174415
35.65778163016545
37.126939521846566
37.97092381797403
39.04643606381961
39.4991834040474
39.51782364932229
40.848254916510356
43.99910388087539
46.09092944075224
47.9562629152028
48.942774354587414
51.249418958362085
52.95530732921247
53.7842509205524
54.24914856841535
56.505163485761656
56.69607421411773
57.53335697884653
58.09743477173852
63.146112481640735
63.53274189227826
64.69961909946505
65.89464220665013
66.89155669710507
67.53950557112181
68.16181682995239
70.68572860346303
72.83089417167118
73.35568790238023
