3.471181675429591e-15
2.2587547567372135
8.343893285892538
8.343893285892579
8.394136337384023
15.137320246231011
15.137320246231017
15.626949676618821
22.98486413812243
23.88349057563809
23.883490575638152
27.176674331333302
27.176688595817446
35.88937442104076
35.88937442104082
36.69452827518405
40.04297623804742
40.04298725315627
51.83680942426864
51.83680942426876
53.40394205688713
53.885808949336216
53.88581882908874
56.641671315209265
56.64167131520927
69.05775557444203
69.05776103158252
69.57101028135335
71.57821364499378
71.57821364499388
75.60452051205732
75.60452051205738
86.14752724214054
86.14753694204947
87.8462993751076
94.53977471686952
94.53977471686957
95.1915361605096
95.19153616050966
95.89280170095995
95.89280702284955
105.80846538232646
105.8084820272189
111.17149994084038
115.65245446944584
115.65245446944594
119.9088419587472
119.90884195874725
120.83210845261486
120.83211333152184
