5.377642775528102e-17
3.547457883627997
4.719217000822811
4.719217000822818
9.988601882472201
13.644197123311127
13.644200572740003
14.50387459630045
14.503874596300497
18.005851658843927
24.165981223435576
24.165981223435594
26.08347859669369
26.083478596693727
27.964102733523188
30.68719189664386
30.68719377452279
34.82540765969821
36.09425950982777
36.094259509827815
41.6811234182422
41.681141370025856
43.86690684956936
43.866944460278376
50.82719889422752
50.8271988942276
56.00606863649865
57.97378324967081
57.97378994847567
58.44652519935024
58.44652519935026
60.194947148697224
60.194947148697274
73.95490402959423
73.95491640624691
74.09479427335468
74.09479427335489
81.25714244717433
81.25734542301169
83.7079101799063
84.64071095415918
84.64071095415923
87.5457114091188
87.54571140911881
87.60488180906323
87.60488473347392
99.89808576247063
99.89808576247076
104.34927300960676
104.3492730096068
