-3.6303078598809435e-13
2.342361515269562
9.279011328579486
20.542537536785282
35.70008589143254
54.17211254857702
75.2576409391573
98.16503696006136
122.04701396568288
146.03818432728045
147.9778218034312
148.79579418384293
153.10280810588452
155.4631061150397
161.88659701468433
166.36679051941948
169.29324545734755
174.40298665493887
181.18919214159496
190.4724455134962
191.02336707185142
199.4799382977172
209.66434853700684
210.5277693431084
220.65775901175328
227.21764035310414
231.34917993112472
240.62942572201263
244.0193361733452
250.42566466692887
254.75529776954312
256.3847200659135
268.7556019873847
279.0195266723705
293.97430892439604
303.23237131149267
318.726571538539
326.4798121840738
342.034963399561
347.8826740856795
362.9214579176742
366.6341257963547
380.430660505913
382.04241017308715
393.35499842409064
393.88613864850487
400.6892652719125
402.10962527962744
403.9627885771138
527.8225889238568
