1.4426827787961116e-13
3.138361510854441
8.980758443924373
8.980759189419599
10.21820380320085
19.971174617901163
21.184747263408095
21.18474835875511
27.61658615121441
27.61658619069425
31.12432907469971
37.02925221508101
37.029256827747176
46.20371729460353
49.94154420026889
49.94154478006044
52.5763031086763
52.576313499464106
54.99812938076352
54.998133495192064
62.16142101722856
68.1380485399044
68.13805188377412
71.4612568156584
76.20682490544465
76.20682754451305
88.0487291422036
88.04873092151861
90.94279962840778
90.94281968115641
92.58115036407796
92.58115299044222
95.70035005360825
99.76774581203658
99.76779243049464
115.54600158829184
115.54602606073689
123.50283048936812
123.50283652504628
125.34318008893987
125.34318228416952
126.3138667429095
135.00804874029728
135.00806593144992
135.55192951063074
135.55198442276452
148.782028834994
148.78203891032445
159.24301833468152
159.24303515851807
