1.6253977330737968e-12
3.709687117329327
12.387637896891972
25.890362646019014
44.024606016226954
48.822971238976834
48.8229712389775
66.499903996767
80.46544218430977
80.4654421843101
92.8957637935678
115.98429823197957
115.98429823198022
122.64267051680854
155.12509694355376
155.63199011008197
155.63199011008214
164.04526131895733
164.04527251574305
190.07083285698303
199.16210014014987
199.16210014015024
227.89661094031234
228.07267534525204
228.07268311764685
246.02991502632628
246.02991502632716
269.19580314644884
292.89024609399
292.8902917853355
295.2567234656365
295.25672346563744
313.96257337429864
341.67211520117445
341.67211520117525
345.1623865569866
345.16238655698777
360.16519082256013
360.1652307888468
361.4661849983477
394.11342766689285
394.11342766689415
409.77403509095296
430.0804398359775
430.08046335335456
440.7621592337131
440.76215923371376
444.0236587158933
444.02365871589564
451.68732831966844
