-7.45931094670027e-17
3.122447303747985
3.1224476694633316
3.3705972240087645
8.306249466578041
8.30625599057126
8.756056739179238
16.07359719527362
16.073599055280766
18.354844446444023
18.354845965378395
18.631417795511418
26.34504576321603
26.345050764745736
28.969866043975504
28.96987411151744
39.11486863412339
39.11488451843401
45.1750376964445
45.175038508698265
54.30779610730499
54.30780064458386
61.725552816526154
64.10605481726272
64.10605728993939
64.20352010680284
64.20353537495116
71.79448302287112
71.79449616336474
73.12097993724886
73.12101269767595
84.1543607751519
84.15437427643772
89.44197684418396
89.44198603841876
91.40969628054496
91.40970347854201
105.44597224022006
105.4459750583927
112.96147036453478
112.96147204419823
114.506996858265
114.50700122289633
128.36077082021578
128.36077451553209
136.23603159708725
136.23607858285692
147.10940086667082
147.1094133831555
152.99844361402063
