-3.853167784839684e-14
2.038187551072412
8.030997568774737
15.05651154599755
15.056511760744826
17.528092898309612
19.25297615476228
19.252976893784748
26.677213783015876
26.677215032355377
29.334260769950998
37.561416304859705
37.56141789314117
40.66456817489229
49.90277730072636
51.86753127018931
51.86753301504452
56.50390450062318
56.50390598768115
61.101956372900304
61.62653831816029
61.62654547149915
69.29989960964113
69.29990136744007
70.03476473438525
70.03477923455984
77.79088675876714
81.58981793050431
81.5898391015132
89.3502967579317
89.35029842555342
96.13409122088288
96.13411657520031
98.46356614699691
111.34054889776097
111.34055040437967
113.43904245379791
113.43906891999428
121.0552081568995
124.92118400230586
124.92118725791684
130.91597345289327
130.91598613645544
133.13388463832072
133.13390964379715
134.46474565199486
134.4647469521593
140.56822843759082
140.56825621151026
144.19803277089238
