5.584768758559733e-14
3.93187646843297
4.156622032078362
4.156622269947416
10.013825514217723
11.878576130788144
11.878576423770744
13.960165205534011
13.96016548736935
19.2991945369132
21.975910053558376
21.975910286305638
22.691194809896334
22.69119621756893
24.319459690091595
29.04194430126249
29.041945836835943
36.5121703421329
36.51219903034842
37.542886514164906
37.5428874831959
38.598778405387
38.59879042700829
40.213543966421724
47.90340551693588
47.90340681512602
53.43813194133185
53.43813267576903
58.4826796497171
58.482681216492686
64.35571091182422
64.35571249674047
66.47028783308929
66.47031070064963
67.58572620816433
69.40038787898713
69.40040746729584
73.52448474589303
73.52449579222483
83.5522459090807
83.55224828628914
92.80952618600031
92.80952690892512
93.9926083695055
93.99260973432752
96.78615476695256
96.78618808587619
99.33229376305083
99.33229766407383
102.65369589783073
