3.1214614226726667e-13
3.152468540040909
5.2447083501682785
5.244708767024363
9.387338509395335
14.69761985684103
14.697621035927313
15.511660853002983
15.511660892975009
16.61440120945476
25.54658814469681
25.54659274316277
26.803865391750477
30.23076314773188
30.230773274220027
31.93826931669369
31.938270120290777
33.70903631505902
34.98400948288113
34.98401423054403
43.64700437948337
49.27895963213766
49.27897101146101
49.293495886334
49.29351601071352
50.83366064478811
50.83366256486039
53.715204702117624
53.715208652749865
58.15247376483502
58.15248320458547
60.43103196472198
70.39596266882705
70.39596456659373
72.7951242312793
72.79515767018812
77.65020837914169
77.65021196200864
78.0462872856695
79.55835030326158
79.55837345039961
79.68368611400412
79.68369151375056
90.42448842295467
90.42450048716739
94.63848556785112
95.50192152992373
95.50193135116129
100.43120266459361
100.43120647882361
