9.525713551283843e-14
3.4255115874172652
3.4255126784115535
4.980755096034589
9.37207273275392
9.372074916336658
11.771792169897045
12.795558388811612
12.795559141426867
16.709099271373262
17.403976522711417
17.403979951494666
22.653267366620693
22.653271363008713
24.907263625935364
24.90727758265222
27.452779406717614
27.452786213366533
35.141200239416264
35.3281802397392
35.32818571443206
39.63802983718431
39.6380790897257
44.45518906564123
44.45519814030206
51.414561112316164
51.4145688479302
53.508263127567176
53.508272388877636
54.03039991991127
54.03040280821737
66.77723433041305
66.77723602308924
70.66069103276729
70.66078685585765
74.10869856380904
74.9397377675386
74.93974305914445
75.5478360448124
75.54784207022199
87.97062254828852
87.97065284581201
89.53790738590256
89.5379080773143
99.23545080687514
99.23545879449455
101.57776054716068
101.57777582451617
110.65745963614233
110.65761737901971
