1.0474260347947961e-14
2.327503814342712
2.3275038143427156
7.116374117874185
7.11637549470304
7.730365116760486
9.150177427985074
10.558233548974991
10.558233548975013
13.740781907218603
13.740781907218615
15.087252484250413
15.087252484250506
17.828199631372254
17.8282006113757
22.27058492905192
22.2705918881973
27.757910881992142
27.757910881992157
29.415308530149176
29.415310615883428
31.691686724582585
31.913752657805446
32.66371207170884
32.663712071708865
35.650984777103766
35.65098477710383
36.68290012722346
36.68290012722348
39.65201502836752
39.652016806165975
44.32447657168654
44.324476571686645
44.850020040559286
44.85002473632696
47.01548903700135
47.01549185492782
53.358243794972466
53.3582437949725
53.8427276078997
53.842734696964946
58.74520195926724
58.745201959267376
59.95287692837938
59.952884932025
63.52389968016675
63.52389968016694
68.80106132966215
68.80106578332273
69.40698131906302
