9.564224412450528e-14
3.7204541161052873
4.237893766753811
4.237893948872732
9.793569514163266
12.188430275866777
12.188430520574764
13.85880547975383
13.858806192950055
18.516359701296384
22.16275905361544
22.162760848565323
23.37677801795036
23.37677878811574
24.767346685746737
29.059168159191717
29.059168355631524
36.28728484906834
36.28728501763675
37.68945720511689
37.72384175642247
37.723841961848656
39.70385452167936
39.70385829110732
48.07495752149426
48.074958352851986
55.32847792515868
55.32850903835778
57.35486659685398
57.35486823289688
61.63281110251282
61.63281133923244
63.404651117850385
69.02528676967931
69.02534436167699
70.0397924659032
70.03979291125933
76.25097487296027
76.25101039883208
82.89062068349725
82.89062839317322
90.33891647621562
90.33891670029027
95.19512189962171
95.19512382221728
95.31651234303942
95.31653103276462
97.08727721547463
100.51263040805888
100.51268068550878
