1.7822722464533314e-13
2.2852814423960184
8.759040594983677
19.145368726644865
32.43416850724291
32.434170271437985
32.833627217686846
46.0891297900886
46.0891323483083
48.861383820753304
59.989831496437375
59.98983248000692
65.65617241187392
74.54389048989309
74.54389570265919
81.53519110702645
90.23461893778251
90.2346284630174
98.00674474167462
107.6660802246305
107.66608958640798
114.01537929717992
114.0153912591354
116.66835628117374
126.86753600065005
126.8675552723577
136.02542165947042
142.3977942852483
142.39780138026887
147.2058840001569
147.2058896572921
154.55953490307365
167.74912773088883
167.74914424168153
168.59495643056985
168.5949650478892
171.2162652556904
185.1625025868438
187.4781357762256
187.4781414710435
193.68148977716703
193.68150093934898
195.6983229002268
202.26420071519942
205.35157714124102
205.35157781273944
217.81334404450982
217.8133568016337
220.3312042246346
220.33121931829527
