6.475722735821421e-15
2.4211496933893284
2.421149701946633
5.434653500203475
6.94890903253677
6.948909381113849
7.513337612177901
9.173209707273594
9.173209811708432
13.448431288443004
13.448432335535873
16.82932425677475
16.82932495220028
17.422433798599375
17.422433825727044
21.907512115937433
21.907513866898274
23.307851275307932
24.005141511091782
26.490110425897424
26.49011166528797
29.59716990108807
29.59717154391966
30.161572305683325
30.16157232542628
32.29254424695685
32.29254818110199
37.44203949068775
37.44203964709992
38.06763595819829
38.067637859909944
42.6726552275908
42.672655961694694
44.56337915786947
44.56337957620592
44.94746342512197
44.947464909354835
51.54113183094563
51.541134828916945
52.022506817111115
52.19181843578942
57.50115387823391
57.50115607053478
58.672615993380674
58.67261859849627
60.43740872220635
60.43740883469189
61.66760954733542
61.66761161240108
62.21846557812148
