2.637820517570333e-14
2.411204921717588
2.411205018193951
6.098680482189486
7.006223049422036
7.006223694133976
7.913010906349495
9.498625582290682
9.498625973545257
13.544227214863808
13.544228363977522
16.616037086126113
16.616037696565936
17.128458410946816
17.128459063439585
22.040534144923864
22.040535072644417
25.82262563027784
26.293791557046255
26.920054089909595
26.920055588444328
29.944688382252057
29.944690055596944
31.44838499786026
31.448386441603187
32.46246983680612
32.462470896431974
35.27499324987851
35.274994518272386
38.629773244941155
38.629773388216776
43.41180861331075
43.41181065317483
44.769718656693684
44.7697230722004
45.49489448722933
45.49489630194994
52.231663921427064
52.2316651619037
57.68771694925733
57.77806087955021
58.51256478269914
58.512565034951805
58.91477138793151
58.91477560150739
61.07362044349883
61.07362314219697
62.63288996944934
62.63289337827633
64.08371401039501
