1.499581708808151e-13
3.518567386657632
5.508443509878726
5.508443509878768
10.439848610609117
15.970250824665845
15.970250824665962
16.237465264183005
16.237469905217385
18.587193122220867
27.54946688439648
27.54946688439671
31.037657765491982
31.598277762878414
31.598277762878517
34.72168152497926
34.721687564122284
36.703469274764274
38.8341617647987
38.83416176479884
51.49251890483784
51.49254367786314
53.01458758320836
53.01462229966927
55.66948427858968
58.57142352023805
58.5714235202381
60.98961860776728
60.98961860776734
64.43712508560874
64.43713841173452
76.03237719620262
76.0323771962027
83.9202693716048
87.03249761593993
87.03251276076782
90.54418918251321
90.5441891825133
91.04091838466717
91.0409183846673
94.57460701361433
94.57461215643713
100.89806589960322
100.89806589960348
105.29150710133698
105.29154816143158
118.79298440607266
120.28515414793834
120.28515414793847
127.7948744091905
