-1.0920084281274e-14
3.3938466115546966
3.3938471418492044
5.1110012919283285
9.22803802790459
9.228041166380015
12.340917217104657
12.664026245882242
12.664027407547346
16.537813743167764
17.051678516028083
17.051680902112405
23.696229325394338
23.696233119683715
24.281102161414125
24.281106073983675
26.778680183330973
26.77869522336987
36.482554161498854
36.48256317536572
38.51284219106776
38.51289716456787
38.787532433726234
43.27999310457897
43.280012206782246
52.224755280904
52.224764877052486
52.301963307831116
52.301965773476596
57.80546073044279
57.80546848687485
67.28787690872957
67.28791047004988
68.14774622651781
68.14775725251305
73.08064929406393
73.08069034685238
79.72045272782734
79.7204632246109
82.36765198961999
86.02436732516412
86.02445772777399
89.01100245144275
89.01103188118488
104.37138018464667
104.37138858977569
105.80288762470903
105.80301891563715
105.88751437261288
105.8876695896466
