1.5629858518551032e-14
2.265217522262536
8.983940847390988
9.597478288726837
10.614011116438238
13.111062209525489
16.28428498412484
19.904811990871103
20.621169046742168
25.87601645804751
32.52672066513391
34.358200943017714
36.601547348036526
37.035665356036134
39.491652563532426
41.7768222117232
42.43451126331564
48.647974060985675
50.918195365282315
52.21885880970174
52.27704670091005
57.14042009203272
64.37391410980236
66.46106200618458
68.47369618410394
71.6547321920086
78.63745050879997
80.29482673618264
80.79313338678112
82.26153397091903
85.94838033120274
85.97878020867495
87.79847957206992
90.97721600792438
92.8819583969115
95.2932084450665
99.83804150240299
104.37931560460927
104.49414811058963
109.32386976100076
110.51882261800677
112.52883347857517
116.7683955657033
119.43357933057911
127.6325728560738
130.83162533070336
133.2174178151114
133.42028954988047
139.07507575284484
141.37759994317028
