-2.402592014227878e-15
2.2741251817895196
2.2741255275386596
2.3883121825677436
4.557430864301418
6.908792261478666
6.945586270542231
6.945587856803268
7.006610078404316
7.006610888794029
12.191416817405717
12.191420150011181
14.581015009157941
14.581015701123315
19.00575185395747
20.40291413867381
20.402915027550378
20.742965320491745
20.742966902596258
24.98160126537004
24.981603979186183
25.218414899803577
25.218417788259014
32.51846732082969
32.518472337288706
33.31146049052881
33.31146188387234
37.93147302701726
37.93147864905655
43.44140130907167
44.753696194925524
44.75370113837483
44.874867022852726
44.87486776177894
47.3037317562664
47.30375253790595
49.28804945635229
49.28805129740467
53.24814158461098
53.248144978531165
56.66124416134271
56.6612449365792
59.577248243075594
59.5772721629095
64.8078619878041
64.80786279714087
67.02915385842938
67.02915713126201
70.80066214296133
70.80067828649688
