2.709464597128175e-14
3.393084825170994
3.393085311975498
5.065434462217276
9.246350074812606
9.246354698175589
12.167613088066256
12.668923902023574
12.668925280859481
16.510956181679575
17.122273095194654
17.122290271908728
23.365565315567114
23.365569250869267
24.433957319101324
24.43395904994827
26.952780530013527
26.952803248033245
36.109163986796894
36.10917287800725
37.79901800618427
38.861795067643136
38.861811953950976
43.71084502417578
43.710873982753974
51.93731592847862
51.93734385860971
52.92312897743556
52.92313325121159
56.62821348798655
56.62821960880827
67.317651710602
67.31768093040073
69.1707187109419
69.17072159692725
74.02052169011831
74.02060058568784
78.42158380009751
78.42160013642547
80.29715734636277
87.6168354058085
87.61684868775244
88.79960904211087
88.79962467274869
103.01366541729274
103.01370097933047
108.26110188174749
108.26114397505067
108.49854199660234
108.4985541688382
