2.6429379518244644e-13
7.880657617190403
26.323154169062434
54.9320652339344
67.04314593246924
94.07890231078541
102.50335703785302
132.47764826218722
143.07453760800433
168.27158225476174
198.04821167603393
203.95156595882136
241.99709568274776
244.2071980999548
266.2886020628215
282.49547920511594
310.6278412044068
324.3783979874673
340.97846280293055
363.22429500928126
378.3075249119435
415.05093805371627
423.13934829467854
434.8737527851721
459.995034031403
492.0363106029936
511.4054499100946
513.6209667587954
535.5231873379186
560.7919563990512
562.255982846072
608.0791575700197
616.5370953517593
623.3198039469918
627.3714748824893
670.2397849571415
691.5237354783249
705.5552267470256
720.4370886856901
731.5930943144432
760.2012323964273
784.2603050936061
807.3313831658409
812.4294293896332
827.4335795082749
849.6885262668778
876.455470547805
893.3449760270125
901.2638988328115
917.6322587760474
