4.8515011452643364e-14
1.9991459931003803
2.000290175939567
2.000298322837836
5.9883541149013295
5.994080348443898
5.9942440038386815
5.998191768339357
5.998326577292853
11.950069207931183
11.96815583946411
11.968730050273603
11.980117488103467
11.98047149055016
11.984628365491815
11.985770372696805
19.859640965936876
19.90068634666907
19.903437841120674
19.92516585253693
19.925954183569676
19.94452217981636
19.945684447513607
19.948988296923442
19.949997523275425
29.684563174848346
29.765050544876313
29.766158087420422
29.80605581047115
29.806783219481083
29.85097630325207
29.856313116939546
29.860078900098337
29.86206295578187
29.880875335564294
29.884219792520895
41.38493012406593
41.516387383170034
41.528034294280175
41.58497558672188
41.59022110814011
41.66904690104535
41.6778214706486
41.692689963315104
41.69436582088461
41.73549393060342
41.743661516703334
41.75760461990829
41.76158165998631
54.91391757496331
