-1.0356299151581538e-15
2.0483372302998295
2.048337331753531
7.082140789928798
7.082141183042092
11.588355940971367
12.686744780049821
13.786751091437829
13.786751718588901
13.992498654382954
13.99249920020894
16.08833504600363
16.08833535043431
20.065008008162728
20.065008341008152
22.679855927502516
22.67985612555273
26.670709400255166
26.670712098570135
29.65676503096883
29.656767121821087
33.15649113188378
33.15649160257908
41.771458279430796
41.7714593910224
43.0651368013377
43.06514051633437
45.364011729524265
45.364014501282675
47.19396191931323
47.28384930343437
49.82608647577691
49.826089612202
50.038918219754
50.038918435687954
55.89136839296421
55.89137085563649
57.72985762147666
57.72986031167599
58.66781393172363
58.66781751795915
59.20658316322204
59.2065837086157
61.73349043561604
61.73349177475639
70.7679948048055
70.76800117750348
71.74900647878758
71.7490133813427
74.48228195910676
