7.268942392446576e-13
8.037853497000711
26.859106840977027
56.209513952604844
95.7917360024814
145.2119656662824
203.98062214902708
271.4309126089551
281.41474322287195
338.2780821079156
347.2230346126932
417.4191729728556
430.4462835446957
469.901400266324
519.8461602269653
549.400207934174
602.5932116614941
615.3290671355563
684.4211675464084
715.7029655123588
739.7243972744952
817.4232140860914
826.4279886514022
881.378063307827
925.4161589646446
968.0490757233569
1022.4129527784263
1032.5603654483125
1064.3123251841077
1119.6276229105044
1130.5359650154503
1148.7856152303839
1184.2366658505482
1253.4578916560401
1271.2155100131188
1322.132071380509
1336.9649873729388
1372.6112943298972
1404.8551084056069
1423.108196764702
1474.7895478151424
1490.9585835736264
1561.794939576987
1578.582060977135
1594.8481387135869
1630.0638891765416
1669.4863277955517
1681.8150541422604
1725.4898111264677
1773.7843038877381
