1.2331108356633536e-13
3.1924254450805094
8.350526131920608
8.35052613192063
10.332448419338263
19.8857391792751
20.260692272672784
20.260692272672824
25.48473622755193
25.4847437124453
31.00633813479129
35.70710381058101
35.70710381058113
46.585062584689275
47.13141041037922
47.13141428750688
50.02511482515153
50.02511482515155
50.465521607826616
50.46552160782671
58.93245329632054
66.19427265118227
66.1942726511824
71.72630680334481
72.69817210692237
72.69818364820199
82.41202887727164
82.41202887727165
82.99280806554711
82.99284016636037
91.64744665633154
91.6474466563318
92.64943503142386
92.64949548506712
98.24515271276039
110.52302482008065
110.52306913620755
118.87878408151431
118.87878408151442
122.99509252064745
122.99509252064753
123.33489154009479
123.33489154009503
125.47706305112219
125.47707247217433
130.2603163045436
145.25306902457677
145.2530912806885
156.8733961635974
156.8733961635977
