-2.9557953307168816e-14
2.1963735955679615
8.44762272974826
17.820953074172262
22.663278066943814
23.197918864143116
27.015936898939092
28.62008607971747
29.01063941736998
34.58088208616501
37.352399713589314
40.62281571628601
44.859316509563364
48.63223295775284
51.382834251093556
56.609945078406085
60.16869880497184
61.17451235026924
65.9729547933008
68.20999718459919
73.34289929956485
78.05963613066113
83.34126578782865
85.04850883504078
86.24550267510524
86.44794711451472
88.25944429849885
91.23322912402435
92.24602503112722
92.66471220380895
92.89251637755605
99.53983533020988
102.36295662518984
110.55147238907657
114.48094077698802
123.00119431109152
127.51389637831026
135.21686431265042
139.62115971411808
145.46323575283566
148.71000450486576
152.56455376623904
153.90481502411888
171.6586408392213
171.67949368878385
187.96391029435014
189.79799046832443
193.80913943289377
196.26445854160758
203.08125742268874
