5.898059818321144e-16
3.0476427286588352
3.0476429790540718
3.344299685600929
7.722627901037667
8.226830163218027
8.226833903375766
15.043573165718737
15.043573588875569
15.984719524015466
15.98472853128356
16.729302547334797
25.1841918241856
25.18419532743451
26.211089154142552
26.211101267911918
38.772198719552975
38.77219972895167
39.77685545931564
39.7768563696422
44.09414583684009
46.472204987167835
46.472209383910545
53.43823289915293
53.438244536772416
55.9469341297778
55.94694387893868
56.24160639938093
56.24161456791579
69.91341562402839
69.91346414005925
73.15788754977409
73.1578915990828
74.00830757849094
74.00831299535746
87.85556003079024
87.85556454080015
93.242481580805
93.24249029474873
97.64558280867854
97.64558959775584
106.75357914291266
106.88789571237884
106.88791831491599
109.16281138914286
109.1628299437974
113.86919660631365
113.86926889618853
116.82249760578594
116.8225202456938
