1.0590833765533603e-13
3.776801481366215
4.17743139641519
4.177431633810576
9.81166474109022
11.986391482060974
11.986392599194456
13.80557345583598
13.805574229134233
18.697351202051674
21.93353355170185
21.933535353489095
22.95877077691906
22.95877618110835
24.390629047182333
28.858140496935267
28.85814083014165
36.4937262492928
36.493726574168306
37.020219066056775
37.0202349770038
38.348303743226076
39.0146781332927
39.01468345597292
47.67718843669658
47.67719227655001
54.27518496018331
54.27523052691084
57.35443108896174
57.354432541970986
62.18347426644234
62.18347463992055
64.45907655372758
67.66401108401664
67.66403722944167
69.31836159933665
69.31837124384205
74.79069886358864
74.7907236226595
82.52044580638533
82.52045256049973
90.55890097869629
90.55890144226248
94.18435069772049
94.18437772411254
95.96203522366199
95.962036314204
98.31330937930564
98.59637775122282
98.59637902842513
