1.7555401576885288e-15
6.542878389903192
12.029042416900326
19.943098757639255
21.895375692723356
33.02511745967599
40.824235736553135
44.34071388254637
47.513154959436086
53.24938094463313
64.24226223047589
71.73944501291864
75.75373042446728
78.7107282903271
88.89189135381565
96.02843080349574
100.97235875515148
104.23330969984309
109.69918667496262
118.00645903232618
119.07472194421463
126.6606743076845
142.19388104001675
143.7409575720741
149.83894756780398
154.4962201878447
157.94081789701227
163.6301358517543
165.5220944871715
172.97479569518842
182.73825813506375
188.29766343107798
193.60182845186355
197.31633591453982
208.2460507248725
211.49318024616986
216.58834656826778
221.61416133476192
224.18420918759972
231.55436452725348
239.7462469438235
245.60346842612415
248.19263919416983
252.93456053664295
255.73524243175055
260.3103992109033
268.9512944125412
274.0575886594493
278.3030218042116
286.99912574071396
