9.10556352540226e-15
2.420284798737704
2.4202848752169883
5.2979020963618195
6.932717339543506
6.9327174328841865
7.44934280440824
9.116579821922377
9.11658001564058
13.414987230409928
13.414987723913315
16.76515307332453
16.765153286689713
17.558872318515068
17.55887270920683
21.845226793630587
21.84522729666339
22.81463643126821
23.582930870312342
26.388682082917605
26.388682583667034
29.513891273031405
29.51389130415472
29.988639216544758
29.988640200168938
32.18245619421473
32.182459620452235
37.916438159187436
37.916439138621115
38.25317125543222
38.25317248188342
42.51548525791417
42.51548542034871
44.37734609485919
44.37734754690598
44.86711130081573
44.86711147507555
50.97357496186108
51.171333286211784
51.31931355462107
51.319315975171214
57.269574000234
57.26957442989061
58.37151493180812
58.37151785314858
59.977918364762935
59.977921066548625
61.486922641613404
61.486922892171854
62.32914856012157
