-3.2149630180278166e-14
2.3622845024266916
4.680104935184666
4.837078634544854
8.873937075954661
9.076490151606006
9.316536747607177
15.352051599042511
16.55466099836663
17.277176184305656
17.941779974157544
18.948582284693604
19.830894462447944
23.552712877839124
29.134826659692287
29.95072239433556
30.390302857901286
30.85977275932343
34.04851353416253
34.2288343577719
35.05311682278452
40.485423527781855
41.120982301293935
43.35108224013796
43.57977422470278
45.89718401097151
47.29223450615217
50.61332327669917
51.38754818000507
52.53126481011468
57.65870793719286
59.391795670234224
61.24232262879953
62.4523059437265
62.80508115465416
64.0781458619086
65.89656989492428
67.46033408603974
68.93594960150523
69.23866464236592
69.64934730602374
78.39717530922736
80.28498785705659
80.73677750521995
81.8157915707096
82.10837969123148
83.87326651529843
90.9737040359469
91.1681779973657
91.35321706807215
