2.2686713618824683e-14
3.8698238686612543
9.043234858554394
9.04323627089854
11.993064119512072
22.255331472098128
22.26222442018809
22.26222585347975
27.336026894646547
27.33604322452557
33.654203600431195
38.22395279427302
38.22395466722659
46.8283121831651
50.20193106860725
50.20194676219787
53.34486200137992
53.344863164631384
53.79781432454295
53.797842956528264
59.143482410468785
66.77151997969163
67.21369982296854
67.21370299833238
73.92053535489495
73.92056099007867
76.9952495801745
82.19182925539101
82.19184156504109
85.63429555196558
85.6343040151188
86.36818975305133
88.02144569049186
88.02151093717079
93.57906618906414
94.80180372186067
94.80181013029316
95.0814491415013
95.0814566372313
105.24733106809826
105.24737389794213
115.05059665448995
115.05061703822042
120.22617001531164
120.22617464367212
120.38810401822768
120.38811140054993
127.36058586569764
127.36063006395321
129.8554310700139
