1.0661610483353456e-14
2.157414102456813
8.369873624144702
17.900242901640123
29.65775498708606
42.38672684618668
45.30619752597733
45.306199983504705
50.32720084654064
50.32720969722159
54.86950335874801
58.580956247629416
58.58097278337966
66.04722144187767
69.58349093757505
69.5835146239848
74.9956782711818
80.85086491749206
82.3959325748171
82.39596221537704
95.72393774982224
95.72397212206269
108.11194625575708
108.11198430526217
118.15567117807029
118.15571216567255
124.70666324081215
124.70670897390235
126.76106968738227
126.76109420688124
157.79012079515988
157.79013538106486
175.68644204398367
175.6864464537019
181.44717409822346
181.44718530446795
190.62637457238634
190.62639484121019
202.51007133988017
202.5101008053303
216.03754024088664
216.03757733914023
229.86747975373575
229.86752145604748
242.4977660866837
242.4978069682009
252.2956304410817
252.29565806284324
264.873014337571
264.8732041292794
