1.391421700080997e-14
3.343657369226009
3.343658720290338
4.456330067304423
9.198530518080215
9.198530975698265
10.280335091372589
12.3848758989086
12.384880727278873
16.82978158430097
17.068953170353787
17.06895986185836
20.142690382418262
20.142699578507212
24.288952941985478
24.28896215531975
26.754066648372085
26.754101616045126
27.68631647090546
32.0052716798496
32.005272208584486
38.188798603400826
38.18881974676263
41.87035619738975
41.87038928275667
44.064745760828615
44.06475762743864
47.61196176192058
47.611984669152235
51.22262234752196
51.222697242058075
57.16908937227849
60.869951067731435
60.869962766756906
63.62374281046428
63.623744515957405
65.61721418405028
65.61728104359449
69.61635512345796
69.61638769447104
80.11261700182925
80.11262545841839
81.03827661550473
81.03832780336306
81.74592435137282
81.7459425020455
85.87441145178961
85.8744226270879
96.88080740865509
96.88090439858419
