2.4552582189585337e-13
7.913926451195019
25.222632242683982
49.17831406880494
76.27955343333502
102.77211191234763
125.06776289557148
139.8577001551255
148.94279894029663
305.61814187616676
378.94453550449623
409.43419004325585
506.40922696681446
509.1296410846188
687.2871871986308
696.0708812715663
1013.9126935388008
1034.9237852628403
1102.8475261428512
1242.1731445499056
1294.5360507052685
1312.2020507536236
1681.770593773966
1688.5783376724967
1739.07755421997
1744.8639412920347
2272.320239504292
2315.4447473502078
2323.1480065109045
2415.302040667262
2627.7180573725695
2707.295639796358
3316.595783086291
3346.9553555123393
3385.551445576571
3536.488662557959
3567.8977532833173
3587.288866035675
3662.036753875916
3704.4561350994227
4226.235048364227
4347.959240047056
4479.253305696334
4761.355676350472
5093.314556625489
5137.981155674975
5263.510741041327
5273.627449411122
5497.175450307244
5628.253502188496
