4.662156077861468e-13
8.02725305760478
26.56914312232438
54.812149056056704
91.64123239594834
135.63268879140264
185.1145078183273
238.23538123042707
293.0354304370614
347.24708712762566
354.07995274786634
399.93896490746414
417.55737938631086
448.1236386746577
490.3761274832101
502.410156898314
526.1871833888331
553.0519678009158
559.365794576982
570.4695346770944
595.2619813175062
632.9661010276133
689.9288830023171
749.3620332858433
809.0315757033616
841.7387320441724
916.8906094876761
921.3366929287445
1031.6288519410791
1033.8798139020973
1186.4381345359006
1190.2530897794109
1311.6772056029727
1379.181982347748
1406.0126567781576
1412.221891814576
1489.9044008336803
1620.5675925134926
1713.7403368864102
1728.6518362133766
1739.3380256238504
1772.493027758398
1954.6384803056667
1957.334072206604
2225.996209710641
2231.7666809908815
2240.0370952171916
2245.857095089993
2588.9627545789235
2600.781033467628
