1.8872056695151684e-14
3.028955369178155
3.028955638807111
3.2813927186850167
6.690536073619995
8.409931394256411
8.409933274315513
12.555912091536225
12.555912798512832
15.637223478621642
16.646819684633915
16.64682095741921
22.437097177982007
22.437100139508072
27.77105366014135
27.771055343430202
32.65972265810662
34.75849484266223
34.75849716199146
36.17949879774521
36.179499319916104
41.784272626455845
41.78427637602336
44.99613604044872
44.996140514521194
52.13350992537881
52.133512035464534
58.63480627835783
58.63480845638592
63.13660267862937
63.136607179961025
70.42845206589713
70.42845380865509
73.90680235518408
76.44791905010901
76.44792055490431
78.24164806549963
78.24166883470316
84.96219909747477
84.96220663190093
86.54067972953827
86.5406828774546
91.2388231028747
91.23882946544882
100.40774838210538
100.40775820607602
100.50260406956818
100.50261879154387
111.40249599984612
111.40250703007283
