-1.0803857808383555e-14
3.398713042213603
3.3987139671610618
4.899902906578329
9.302543408794728
9.302546672477224
11.492153198057572
12.676711515715063
12.676715056445108
16.572526510114226
17.274337072176056
17.274338821514487
22.08696961981764
22.086975006625728
24.709288808051536
24.70929793075988
27.2405342016199
27.240557770055776
33.08764910371999
34.40965686721482
34.409669803994525
39.3133005839018
39.31330657494293
43.899876192575
43.89987725510247
50.225170885750316
50.22517696073381
50.55467005191029
50.55468280285964
53.55547866376624
53.55550905358071
64.89357032951649
64.89359238483893
67.07153492406039
69.9893439068286
69.9893775708748
70.69156590978362
70.69158481776624
74.81231439017438
74.81233753290398
85.21596983120061
85.21597884442038
88.61380019156937
88.61381483360721
92.3290388188385
92.32904074806444
93.39649647686058
93.39650299365988
107.40074653058589
107.40075549092734
