1.3955850364233413e-14
2.495088268806216
9.157068719440538
9.932862338338296
11.112344622654083
12.184557574466156
18.149818482536908
19.95303942336464
22.148100846631777
29.855224897047318
32.66456364980147
35.914522802107065
37.31858572417923
39.00798045675429
40.300137477453625
44.17208807872702
46.1772443558065
48.90077801098393
50.06674830418095
55.61867847734718
57.964430319320755
64.07790137767387
67.01557260001401
71.47916495116112
71.66269097350617
76.90578019585978
80.31361495693437
80.92187598697454
86.39454604950966
87.52205761637575
88.29713262434542
92.26220813814054
92.31063445667948
92.39919531178765
98.79545922395327
98.95157634009146
101.06232242761324
107.89384534739347
114.66141852349514
117.3000350937753
117.83349111615922
121.6453718257138
124.67612827376416
126.58920627918152
128.5717581092247
135.18307756876308
141.59477040140547
141.60384100235387
146.5958227836982
147.1182738536351
