9.614878337949051e-14
2.565943022977236
6.139033603818094
8.014960812611902
9.33982031411384
10.163790392702943
14.955809520506106
17.456684900872457
22.275092926372572
24.08766878738976
24.989317632854007
26.549003790996778
28.973626168126856
30.56259465661706
31.60450125376868
35.41100606313984
41.625098676150444
42.777228364983266
42.827896932990804
47.76995419851466
49.01740925070137
53.308883929028255
53.531054572885054
58.808837897678366
58.85041898764935
59.751422164415345
62.76892009222376
63.53766699936402
66.70672510262636
69.41844116744058
69.6932849301815
70.92245924818843
79.56497843071037
85.74685235063491
86.31017132525521
88.05898694537994
88.4802806648275
89.42017879120904
91.29866609542668
92.9778783512598
93.30398652924953
99.32862408189686
101.3325971742945
105.37035035958186
107.61555487430923
108.52982703444512
108.88149466031828
110.85848004270126
114.53283565870231
117.88341535077883
