8.348877145181177e-14
3.569177537695974
3.569177833854651
4.276213805733328
9.960873666503437
9.983780247062798
9.98378265536902
12.914585262432999
12.914585539085389
17.99614844025068
18.818606150176134
18.818612990641416
20.118739594068185
20.118741782293146
24.436732268503757
26.239451426346463
26.239458416310832
30.007587607590196
30.00762978744081
33.03302615453027
33.03303545335273
39.952467227984336
39.95246881097266
43.658499675538955
43.6585060989438
43.95495471536626
43.95495824309938
47.47854925293163
53.70801861858617
53.70802058211092
59.041496609521126
59.04149916392584
59.8389860705975
59.839008484988064
62.7226673675158
62.72270034966409
70.39259001240109
70.39259158614782
78.58104354230674
78.58106368486136
78.91249381922223
81.16998632412869
81.16999120061593
83.59669023496082
83.5966969693545
85.47446859870453
85.4744749526463
96.03387438323622
96.0338880639996
99.89559608246802
