1.5040399481414113e-13
2.396160001687802
7.966887790064611
13.465793043660957
13.46579304366097
16.485268929848445
26.443675736343486
26.44367573634361
27.445505105015613
40.01201541412433
42.431582616498964
42.4315826164991
43.19920685855257
43.19922348940307
54.21715953390604
61.023047929520104
61.0230479295207
68.0928430687345
68.0928599454168
71.47994932424237
80.58541493949971
80.58541493949987
87.9154065512107
87.91540655121082
91.79264751165395
95.52060506444968
95.52061863046191
98.6858484324693
98.68584843246964
108.84297180513846
119.88182843924258
119.88182843924288
122.04270818307529
125.53248571999487
125.53250082176959
125.57266113663592
125.57266113663613
147.13710099828575
147.13710099828603
147.29584339013462
147.29586167949748
147.61256245533306
156.3819469591627
156.3819535553348
165.00158478378557
165.00158478378586
177.71601551258945
178.54847602373985
178.54847602374005
178.66473020539848
