-8.067158052682544e-14
7.827147001135931
25.908108895865578
53.45199641565552
89.37632673817247
120.17998950801956
132.30345975869025
147.57731792574063
180.61070530075747
198.28812515438952
225.3892028217582
232.5701142790716
277.4336203074411
286.34401848116596
305.81248078312296
339.6180367949062
358.7083694240919
385.02893236186674
392.363875536306
427.0421072996039
442.0729302833137
444.49987520766024
469.1051052993486
482.43576986522635
485.1052574505169
519.0479691540849
522.0840537175827
549.0147352562575
552.7180786223281
569.4488264673333
581.7228644350878
590.4560198737117
595.2593607111486
617.1863359602784
635.8205440178132
647.7866862903749
687.2736829602923
701.9924946127958
703.2762128218251
725.9965913053998
780.4908967248625
782.2554485934021
784.0245794107292
817.9168496328093
895.8027125339382
910.5279103183703
916.0164482157367
919.732212052072
936.8626692096107
985.763800998869
