-1.8410620250541854e-14
3.3999689501447063
3.39996934436183
5.094752686427158
9.25510176563701
9.255107896616101
12.269681806898832
12.69332413346498
12.693327531709237
16.56568274553599
17.11825796505987
17.118265767866152
23.565261548335208
23.565264338655933
24.402326643825024
24.402336228862854
26.9078788841923
26.90788453076885
36.37814332571729
36.37815754112017
38.438376595330574
38.73203884232458
38.73205609896349
43.543261641793116
43.54327059179809
52.21455575983722
52.21456218510736
52.64427988366209
52.64429485744867
57.46816567699625
57.46816964554459
67.46762643916531
67.46762891184906
68.65362255934849
68.65363491118086
73.55456713974174
73.55456724248872
79.51043017992832
79.51045295306845
82.14407311440976
86.74283659654746
86.74286980925997
89.19153758211267
89.19154810067137
104.35871065169499
104.35872581264415
106.87751495353687
106.87757112845284
106.90465306550584
106.90471817169642
