2.9224539455086074e-13
3.0610292587479617
10.141215516641417
13.442080995782076
13.442083252947347
20.773548783698814
28.089658251072475
28.08966112759705
33.84176962453262
42.506201619784306
42.50620501820448
46.62742679204431
46.6274300334133
48.58579989506639
66.98785029288439
67.896574881258
67.8965819125596
70.14859887919971
70.14860204284297
85.92296083299243
85.9230222490668
87.99735995114737
87.99737375845142
89.52952644393793
101.47716761538197
101.47716996220586
105.6082217417653
109.07163108903988
109.07163982647666
123.38553854651126
127.46064212769508
127.46069248001932
135.8484588912901
135.84846002554883
138.59451258400637
138.5945175964874
143.45802744455284
143.45803273620442
155.27402088896048
164.9032330433704
164.90323687690207
172.23440974332965
172.23444614755306
174.45492874321033
174.4549413870283
186.9076006148378
186.907601872762
192.32325692778426
199.39827351589966
199.39828067252407
