2.6326163471424024e-14
7.193108895368805
22.442384719538648
24.562655630707873
35.36941132082178
49.897357840968134
55.589957387483544
69.36269903762188
80.50786591870948
85.40182479705628
95.16319600952987
101.38144927179187
115.4915713301366
127.79459318512394
133.14199598168835
149.29122160313855
155.411662414522
169.62077840683753
175.9836732143867
180.56518219981194
190.7080494915234
200.31601143046564
214.81874557725908
226.3979841909635
231.9194777087267
234.21368077845557
247.69615355028486
263.4584730653769
279.7984433049419
282.15692796152916
295.7690331213101
302.0462199142336
306.49157804942035
310.10410023913505
315.79345075362426
340.7489297358101
343.99130114343524
360.40604148379316
367.73940012876807
373.2956160553158
383.3723807838256
390.7275910696571
398.71326897051074
410.38916985620267
429.22800905951595
434.6046849058688
447.238667487304
455.1065111074417
458.5663965834218
467.81758498051977
