1.4854610597136997e-13
7.779357766367544
24.808400213165633
48.410112128761
75.16232647825902
101.38447056550561
123.58383855866927
137.91112693813227
138.8061699208883
149.03301024647186
179.74732468653295
214.99395275563708
255.9333735928978
264.87196936104766
333.973718424628
337.59058405261516
467.92120548689445
477.49490879709185
496.2157387907871
540.5769863066142
585.8176475591614
597.534052812651
745.9355548393637
751.8286730882157
769.455484175946
775.2210596644952
1001.0887959691019
1017.8669507784252
1031.4338056549566
1054.4405810956357
1162.6861389329615
1165.8221948087685
1437.4949335766808
1462.5599518190343
1489.3882664069106
1517.7120874722655
1546.7224656241128
1568.120666151946
1584.086123695257
1662.6889377709654
1842.7099930415732
1873.2091547484154
1978.466541182414
2038.9677975834713
2224.5210971542756
2238.3538716202356
2320.8776058001254
2337.1169766990074
2357.4143867744992
2461.2434584759553
