-4.331604519514087e-15
2.9708322068800346
3.337596898911471
3.337597304658007
7.795077664771457
9.554526277207314
9.554528133071399
10.963879071350243
10.963879677243341
14.777052492545023
17.495427699386575
17.495428637512415
18.214587665910315
18.214590564165636
19.635796263928082
22.873976304222907
22.873978965907458
28.86416195665903
28.864162325505696
29.159286932080146
29.1592954318141
30.154640245385938
30.8586746421429
30.858694611600097
37.74193336739056
37.741934024741
42.34335604897264
42.3433719730848
45.43539665284484
45.43540255605446
49.13180211356914
49.131803945882695
50.76900971467204
52.408425790619994
52.40842667383635
54.682642112507985
54.68264592649999
57.659736735082504
57.65975127803476
65.28563559194902
65.28564078048188
71.7642885554445
71.76429594690687
73.84060185006857
73.84061000295544
74.93713034090074
74.93714686445794
75.96454565220625
75.96454619790747
77.75665192990414
