1.519617764955683e-15
3.0905290650322708
7.1663428365200454
7.166344261389018
9.86882276653333
18.045610813284142
18.045612479088664
18.54733468690141
21.62123583643365
21.62123762117345
29.083184122697034
31.94966913297052
31.949671906077853
41.15242003647241
41.1524227480529
42.41177316639282
42.4117814797255
43.584773917186446
44.07341436949382
44.073417272929795
51.423075508952124
60.03168014503665
60.031688200458795
63.89833050526686
63.898339596575035
67.646226099159
69.06701374129861
69.06707252876254
71.00767021848583
71.00767707298186
78.51863900165769
78.51866911989501
84.04713917671164
84.04714100134157
92.61271358845855
98.01641233916813
98.01641685270009
101.25835700342752
101.25843859330635
103.629202234253
103.62921043373379
106.7937261265328
106.79377935556012
113.01646458516939
113.01647276650036
121.51715790011554
130.0218177900415
130.0218267283672
131.6273331044401
131.62735367775005
