5.185695622911268e-13
3.5157960755643125
11.730316868393595
24.462840470549903
28.66556203175834
28.665569199571145
41.39109066166993
51.80961452812234
51.80962063033313
61.89714078922357
79.21415186837007
79.21416829153034
85.0705268066287
93.89088750529145
93.89099623205155
110.62723763781064
110.79573868605452
110.79574690531939
139.420503852453
139.42060700942812
139.89109180572396
145.81208871747708
145.8121163010058
173.88334306358252
182.17228255538393
182.1723101080208
187.82023518166187
187.8203187439013
192.98265020489248
192.98283571198118
211.59516030325491
216.8640696006114
216.86407761292787
239.87853467424287
239.87863069691696
244.90822290858318
254.19436140294525
254.19438306775555
262.6501698895607
262.65033056751014
268.53103373109747
295.23935002361236
295.2394321480007
299.790200861516
299.790214246576
310.59642135132935
325.12132302758397
325.12134003527
333.18060278274373
333.18067350733
