5.819997261902188e-15
3.038107106978444
4.048467529961514
4.048468703907974
8.553321725873726
11.747283710585204
11.74728968960233
12.464755356716312
12.464757395755852
15.477721300591929
20.7474569436318
20.74746154200293
22.575403358878845
22.575419152101627
23.91657451756816
26.492658722501663
26.492663046319684
30.20359850702444
31.15034259250004
31.150346726529882
36.336637988922796
36.33664014006896
38.109045942174426
38.109061445638474
44.06322750644988
44.063237923045456
49.36060818696893
50.31342495071046
50.313438708872134
50.98246115974112
50.982464952925994
52.96067585079463
52.96067662598009
64.4969295898065
64.49693080667438
65.56874020035221
65.56879651152386
72.30495191807546
72.30497204095876
74.03284566742703
74.03285525256554
74.97515123949644
76.79283907819118
76.79285316891013
77.35806797854087
77.35807322698358
87.81714726388067
87.8171542913998
94.14979043890781
94.14980794958447
