-1.0807327255335508e-14
3.8608090972856997
3.8608100181811276
4.292818203567271
10.246649337730325
10.87150107072821
10.871501629077079
13.705520800199977
13.705523103754635
19.542513960813558
20.563942652226554
20.563951890282077
21.204224672172195
21.204232094604958
24.531693686564267
28.090568383072426
28.090569148193534
32.838544357521776
32.838573400400854
35.536923547271655
35.53693286627353
40.56016939185437
40.56017489315524
46.67201527674117
46.67202442448002
47.32108819591628
47.76645400911691
47.7664658330741
58.857407987487754
58.85741484969562
61.248302921680924
61.2483073616558
65.3679982777865
65.36801922560834
66.94257842791768
66.94259612515309
72.11025898239802
72.1102695037167
80.95855810167119
85.50645794034735
85.50646692384197
85.61557726785624
85.61564532849074
89.68761539539172
89.68762114773635
93.28899463577055
93.28903237894112
100.68174039458395
100.681742570803
108.44845515575517
