-2.2447321779139884e-15
2.1943158695311493
2.194315869531158
7.146697517540619
7.1466990577830165
9.474183628160192
10.709476675311558
11.93941045992659
11.939410459926613
13.913506071547339
13.913506071547385
15.078968758235588
15.078968758235611
18.733159078978126
18.73316061069695
22.562368721905802
22.562375488839084
27.893666023869127
27.893667259116267
28.639355122647146
28.639355122647206
33.1004345627562
33.10043456275622
38.76500878335216
38.90429503750566
40.79682424614493
40.79683208963683
41.911361324014216
41.91136132401428
42.3449215595686
42.344921559568625
44.556429210778624
44.5564292107787
45.48301265072647
45.483020013051465
51.29500840784705
51.29500877048371
53.75807325845575
53.758075617774736
54.87265606470486
54.872656064704884
59.64821646888163
59.6482164688817
61.628260258202644
61.62826819512401
66.2979824210907
66.29798242109071
70.75520737470067
70.75521130411376
75.5234721717085
