-3.4330177589581012e-15
3.3955601615531266
3.395560630511503
5.091062163268474
9.23586293124498
9.235866152755381
12.250047412108028
12.673751457106002
12.673752273756158
16.551520359619076
17.065379064663322
17.065390091367814
23.509080281302317
23.50908130318604
24.308747283935247
24.308759824080845
26.789071518065164
26.789085743072874
36.25197148322955
36.25198403152733
38.16061484188724
38.498462637587
38.49851905198597
43.24306285654651
43.24307080123811
51.96217613128514
51.962190305217256
52.22664969208828
52.22666755422278
57.057908933961805
57.05791179928731
66.9782364341882
66.97823810442416
67.95774401655413
67.95777905298951
72.81441333662558
72.81441967081244
78.86148347674732
78.86149845517377
80.91980232472623
85.64525086461175
85.64526499991712
88.55775635439939
88.55779257634387
103.39143548505582
103.39145836140607
105.07653318626274
105.07677219578837
105.22074581318148
105.22083843336272
