4.890185478778619e-14
2.235238125297256
8.486883586774036
12.40532002342927
12.405321693612262
17.883923675894447
20.522906494045134
20.52290812714422
26.79984424117193
29.997499715285667
29.997501778016098
37.51137786120871
41.66317067207675
41.66318117214559
41.90702876884936
41.90703190568984
54.08016936340414
57.11975350058079
57.119754884809936
57.643370132341516
57.64338183067048
73.56418754488794
73.98394344283976
73.98395007297692
75.63822079252655
75.63822214157597
88.3297982220883
88.32980105272459
91.05360736556244
91.05361870465381
93.75042881699451
96.93479165037157
96.93479332028453
109.04814160864355
109.04814826749707
112.35848887041648
112.3584978171791
113.24466687604013
120.24555687047929
120.24556829188026
128.3984400696713
128.3984490848947
133.56780223809935
135.83841845756922
135.83843236217498
144.67863154608125
144.6786370818831
149.49751425944365
149.49753598852482
151.9541052362024
