-1.748717490257512e-12
2.606264172411496
10.028270945015226
21.13606381754818
33.89486013574698
34.23867943635137
36.50275220447048
36.52500702606505
43.924900087756676
43.95411358577838
47.34163885859478
55.032853635232634
55.08907660128981
58.450902560095564
65.88208167716917
68.13558070538302
68.24915956373606
68.67372050904162
81.23856214235805
81.43695092144532
92.34775383492128
92.63905502324037
99.77870520104725
100.13515977107954
102.5685917626784
130.41800566179663
133.02715218503334
133.39349397426597
140.4486114679192
140.82260079887652
151.55553093082892
151.95756435403018
164.65703807878236
165.11764770588988
177.75880446409505
178.30543892117984
188.8669896628784
189.50754253776796
196.29740968444742
197.00364682795208
199.08871616971743
274.8740345703758
277.4767018356324
279.1411793830697
284.89711578131863
286.5702864029934
296.0024738902361
297.705250206967
309.1021515944279
310.8653337972248
