-1.105558353198255e-12
7.947361456417762
25.324527519235403
49.36497444069293
76.5482436134578
103.10668497558774
125.4430539865697
140.1859861781403
148.90160790966863
442.6052823071602
538.4910746660248
562.5130347132765
714.0161875402775
719.5888594930699
985.1041070492295
997.6088721687722
1471.789376882325
1501.6086190027245
1604.8925903705526
1722.090791597466
1882.1291195990188
1914.8969937210368
2465.0871792012863
2473.280552961601
2547.595872435445
2554.3402885850082
3280.028847410117
3318.9086557759074
3402.462535643567
3548.7120027643973
3856.8547198671063
3988.1832682080885
4890.313559999571
4927.244211027182
4975.696771492566
5212.282555777103
5248.361433579319
5264.1948678024155
5270.264539444766
5384.59122809132
6199.499404877468
6426.5228180187005
6579.686475735899
7013.803125764226
7467.737763740176
7493.35679686511
7626.752883360214
7726.985558904644
8117.049285247274
8258.58680663742
