4.332454534017316e-13
2.9321856865236278
9.78196543072073
19.899941669615092
19.899946103562243
20.374823465417528
34.33299713646167
37.44694993630312
37.44695599449517
50.87820605407806
58.71494251112842
58.714949241084895
64.53852690010719
64.53854196758846
69.2987669656922
83.50428444173835
83.50428592124041
90.59796290216718
98.70358564467634
98.7035993153982
110.67708789264464
110.6771121153293
116.26917157570145
132.05337262657898
132.0534493059256
135.8785632618265
135.87857018515635
137.1148483797386
137.114898701568
145.46568450270865
163.50320913630594
163.50329565214577
168.02886486996883
176.5170580224975
176.51706461113514
184.16424427427333
184.16432186492912
188.66572211487963
197.21271206021223
197.21275516283123
219.78379913978995
219.7838079896414
221.95943967334765
221.9595695219674
225.78838814051088
237.88074945081485
237.8807840616657
238.2178651014329
238.21792559480275
258.965703086847
