-2.508410146262463e-15
2.4079334418046625
5.134327208052591
5.1343272080526186
7.712515589519308
11.042480463653812
11.042480463653815
12.31272991085029
16.1237074087763
16.123710126018988
20.0438824863049
20.04388248630495
23.313471600695763
26.60659568952332
26.60659859362794
33.40706271440795
33.40706271440799
33.90321103658738
33.90321103658748
35.773859683603966
39.09624897913611
39.096253137286496
48.57295201353201
48.57295201353204
50.19823436335163
53.52725987148872
53.52725987148884
54.332966919798444
54.33297995200456
56.819741354482154
56.819773529642724
65.75571732204608
65.75571732204628
73.63921460282702
73.63923004809801
73.98305706253952
76.54085804009253
76.54087810167735
79.04225975642474
79.04225975642484
85.1002784853031
85.10027848530326
86.02290578418955
86.0229057841898
98.25797358928214
98.2579885961324
98.50256799852507
98.50259730565527
104.67219512145527
107.1335408716588
