2.1246893133763933e-14
2.117161355077666
2.117161701055307
7.127266107225181
7.127266531516213
10.53456167127809
11.695228051664651
12.84902636671776
12.849027793799788
13.978463044002085
13.978463560086904
15.498768724944737
15.498770108187761
19.371241060319647
19.37124137087945
22.67544227106172
22.67544297316585
27.1296312612898
27.129632948828174
29.152834369111517
29.15283463740259
33.24371543868852
33.24372267867705
41.35654352208393
41.3565445883248
43.07080059673266
43.181960800788936
43.96437955407949
43.964379886405645
45.64489384060817
45.64489776349034
45.91930384380891
45.91930953082677
46.21425331265835
46.21425782485935
54.465629637006394
54.465631449759684
55.549468033012495
55.54947120413243
55.928357909455556
55.928361310800994
59.8160920620744
59.81609466928039
62.00592613460454
62.0059273731381
68.44482152485438
68.44482160357815
71.55891348792578
71.55892242195894
74.33369810655132
