7.306308336119116e-14
3.4117154601284763
3.4117158604886226
4.487712293775892
9.455437098426875
9.45543990485393
10.346993377471428
12.625809722820174
12.625810685495075
17.01224496591863
17.716004551820077
17.71600956769613
20.388037181438378
20.388039740074298
25.283900726795373
25.2839035571644
27.787913308698133
28.129182920815595
28.12919709763379
32.71589984697442
32.71590877362903
40.80335788008063
40.80336318424073
43.8773966742574
43.8773981395573
44.37676071344927
44.37676436957977
50.4390867102795
50.4390884507312
55.803911373259446
55.80391324309168
57.37007617740418
63.074446048046
63.07445390904514
64.33842650082832
64.33843399901284
73.15957758583026
73.15959192444323
78.87011084265251
78.87013077346509
82.27236781517983
82.27237453017956
83.65876195438184
83.65876531673138
87.32791627304681
87.32792350552108
92.87792460764696
92.87793058592018
99.93580025405291
106.55864178485069
