-1.974288788009204e-14
3.475276752224726
3.475277319062352
4.847907500579751
9.555459465017798
9.555459720926935
11.262920614067484
12.95176457330195
12.951765545202857
17.118364464699454
17.796271947530844
17.796277864387477
21.849290435895465
21.849294872988747
25.483203864169568
25.483206622615523
28.112509497299623
28.11253438714499
31.903990650409696
34.47420260362552
34.47420345052782
40.59819361605477
40.598228851820274
44.99642134322294
44.99642627182159
49.66799178829014
49.66799869905379
51.14755848550045
51.147560090412995
55.29494669848808
55.294951386659825
65.84170421808147
65.84171882687868
66.45286087005805
70.62708842737871
70.62709014914613
72.19947722432622
72.19953444215483
77.2840796328932
77.28410613220306
86.83890621242992
86.83892928425239
91.28058796651852
91.28061522022092
92.96476966797374
92.96477876829064
94.51226297596573
94.51227231246486
109.88071138467214
109.8807135322981
