2.7631195942401376e-13
2.476236134308212
7.687515393020278
7.687516034493912
8.093449762976244
16.008679659374433
17.6837276526272
17.68372795967831
23.769911651893807
23.769915625695983
25.049372999041967
30.614627480139276
30.614629838067287
36.682097433374025
42.143708059766816
42.143709357091815
43.92820745074221
43.92821335505933
47.480034186463975
47.480048459215475
51.015703760473876
56.239037362372365
56.23904485049409
58.53138497775792
63.56694687876985
63.566949971290896
74.64135500099573
74.7246246761162
74.72463577859081
74.82244787190945
74.8224489268984
78.66813618664384
78.6681387569395
84.52938744485702
84.52939773900648
96.84590425114175
96.84591935869516
97.72147614124214
98.75833155063127
98.75833786028717
105.04689797690918
105.04690605976442
115.01414777343814
115.01415059458944
117.42478974284346
117.4248169888201
121.53085517620617
121.53085961002238
124.09429007210663
126.33927446431922
