1.7291723608536813e-14
7.031343309931839
18.831862902251295
23.58793354748546
30.704528399822095
46.434550895748544
49.38730633893736
61.41773104593539
67.96644390632406
79.74178814030127
81.20490459757163
88.70340033344839
103.0665990326915
110.91813284177695
119.00854182986401
130.91428049921004
133.23954089475842
147.02181878723619
151.35078167253295
159.44524229389637
163.3668880747544
171.57576266434052
184.20127837674636
192.7132932502692
198.55689809824293
203.98946065253622
214.7427515828433
225.90238928208385
233.67231519596535
238.61930517187432
251.0030080198085
253.18977425165676
257.7935345890823
264.2608466097917
268.1001604821461
283.92668196841186
287.1699107394587
295.2630389474001
306.9991831626139
312.5612624687091
318.4614416343322
324.3680924306224
331.4173172424827
340.49155858012597
352.20158025342846
354.73363653141814
365.46294565736684
368.3168196075709
373.64795405599665
378.7840138694197
