1.61034380274927e-14
2.9097193773714594
3.472666998570462
3.472667373702263
7.837720421750466
9.986585814346865
9.986593039894004
11.149580319617042
11.149582957701767
14.578422894700138
18.05348581443923
18.053488751480863
19.08484948778768
19.084870058070226
20.484483366596162
23.39979347276247
23.399801790368592
28.727839158103723
28.727840780209018
29.166400124018267
30.592612627599934
30.59263311785352
32.28025072688833
32.280296632678734
38.68489199190054
38.68490618518138
44.44675198451501
44.4467834744795
45.64787080579966
45.64788451543203
48.24204094926667
48.242043793946074
48.697845329262634
55.06592233395104
55.06601116833909
56.22793138036002
56.22794246046264
60.51797854988216
60.51800578762728
66.07667302088792
66.07670134828135
71.24534995564454
71.24536200722264
74.08099223572714
74.08099335994355
74.36075395297641
76.10863459355568
76.10864998462601
78.60716483543793
78.60717401248017
