6.769446114773814e-13
2.213418514835813
7.347893298787771
11.58497479335701
11.584974997985654
15.156018694961038
23.13739726315837
23.13739873304584
25.08386925135515
36.3402187667608
37.027656053324236
37.027661966422635
37.45577125820764
37.45577196411267
49.295559038620944
54.05766917932949
54.05766968624507
59.06628826938248
59.06629353849577
65.22114944333369
71.12551950290224
71.12552746650245
75.25853195780651
75.25854532875061
83.26221972804262
83.47086367980674
83.47087209393676
86.95036104561278
86.95037055548505
95.08701222363841
106.666119496046
106.66612628759442
108.50356766595442
108.50358400372768
110.16473987835285
110.1647432597294
110.4025272584678
126.0761731627497
126.07619454790263
131.585691755773
131.58569556650747
134.59878827367228
136.9245842055302
136.9245888303089
143.4515821478052
143.45159165494363
154.84683614428326
154.84684779487105
159.91767882704744
159.91768246732187
