-8.668413209456105e-15
1.9579277147864478
1.9579277147864667
6.970142717959052
6.970143023709268
13.20246028873201
13.90311360192742
13.903113601927446
14.233463784619016
15.267973561612475
15.267973561612521
17.217089326234294
17.217089326234387
21.226827766869405
21.22682920850031
22.459157868342473
22.459162151248098
26.54718353465485
26.54718574212667
30.464115321457886
30.46411532145791
32.56895178267702
32.56895178267709
41.78391130461995
41.783911304619956
42.23785003487935
42.23785248715961
44.097857928626645
44.097864809475844
53.65803657948178
53.72616016135249
55.919919511062716
55.91991951106272
56.057177799334426
56.057177799334525
56.198906350145364
56.19890635014544
56.85182560096939
56.85182560096941
60.52008254876863
60.52008769722587
63.240811241437704
63.24081626786716
63.77708115501538
63.777085755325515
70.60090306662364
70.60090589922135
71.06705354302277
71.0670570068992
75.08973108841454
