-3.8283612391332156e-14
7.75072592566984
24.7041528843921
48.170520115018945
74.72779274613043
100.73049167415672
122.77954692108665
138.08001028620487
148.72923719072392
186.17445550261786
213.94368857346794
266.41005455356344
302.795054613917
313.3384067359247
403.88475729267014
405.30928281055134
418.3014157323943
579.5726144840701
585.0186907895761
686.7834551292856
717.6181910453506
769.4384456240416
945.7989090782834
948.3893291961276
951.9409196598058
964.4353597376497
965.4985312499106
1308.2753103792606
1329.9211635004724
1424.2407056906345
1462.6844231075095
1512.3904738840865
1556.4311998939338
1906.1452981443447
1919.5030996740256
1920.7517146753055
1972.3055322141681
1973.3278068936052
1988.2912984318407
2145.1214598170864
2341.15299333824
2415.0068957275153
2458.015468888624
2501.072079356544
2589.0704099247414
2699.0358063516446
3054.1036984635884
3074.7556952453688
3177.0561642351045
3197.8928091320618
