6.395925455926488e-15
2.3809193932676798
2.3809198313195914
6.828217652057131
7.037022164795062
7.037022630312458
8.445753711885152
9.941162283645706
9.941163603608329
13.539653132096621
13.539654151384928
15.790119266143378
15.790121782565494
17.436049539423614
17.436050051808618
21.890848991097773
21.890850905340546
27.251995774475887
27.25199625185997
28.59973731218848
28.93135760219104
30.01659295707011
30.016594272877363
31.99567791330855
31.99567882753725
33.328334693910946
33.32834026369537
35.34989888676581
35.34990415508555
38.88073823397757
38.8807414458004
43.7319771620931
43.731982250167334
43.96740299288695
43.96740380796552
46.203167296019636
46.20316869737222
52.19611242898992
52.196112438325855
56.95589334931608
56.95589585295677
57.94149614104765
57.94150010481814
59.1164836733267
59.116485867392576
63.31142969397545
63.31143162511794
63.846153670852736
63.89714287212217
67.07408056083709
