4.177561074847347e-14
2.405515524500797
5.033901058661256
5.033901496601875
7.578997524560552
10.876888515472158
10.876888549605466
12.083053079749645
15.809363000452112
15.809363327591013
19.664618525923654
19.664618614673767
22.510972987224925
26.067105269602518
26.06710545766361
32.652653270883995
32.65265396702378
32.84872716272541
32.848733954627114
34.42659969962856
38.079452556092676
38.079455448429904
46.94091370450203
47.55887575146116
47.55888217134031
49.84283805420992
49.84284074370123
52.328817151156755
52.32882937871263
56.12854891785613
56.12855655208408
63.83553979059973
63.83554945504747
65.41187381775316
69.3258604698471
69.3258760303675
70.21605010436932
70.21605574643733
75.07816783713129
75.07817801763726
81.53411651548059
81.53412029359215
85.49574030386596
85.49575126152165
86.89998830881494
88.90547471748083
88.90548691982839
92.17168256516274
92.17168426872344
95.53927925097757
