-5.799180580190466e-15
3.552059105826346
3.5520591058263515
4.855903079902219
9.729076931826413
9.729080424464549
11.21992608192636
13.198683344453567
13.198683344453602
17.822320637940336
17.981568332901507
17.981568332901517
21.831751929274024
21.831751929274066
25.591202771260438
25.591205789857483
28.06607790974024
28.06610617537582
30.83767554834567
34.44499052465246
34.44499562423687
39.88043539272154
39.88043539272159
44.08046502426493
44.080465024265145
48.595094882804126
48.595094882804226
50.49523816680137
50.49523816680147
53.220756093191326
53.22077103637518
63.89468723539245
64.8616698624655
64.86169008436985
67.77029107718869
67.7702910771889
69.60760789982676
69.60761214428254
71.77028413854072
71.77030482907446
83.04724221474476
83.04726835859097
85.30596617139126
85.30596617139145
90.46181878303362
90.46181878303366
93.36058950847493
93.36058950847504
98.00309794577356
98.0030979457736
