1.8275311819415663e-14
2.8800715097807985
3.3890561968086015
3.3890563557797666
7.689171619913135
9.770582716149526
9.770582974127658
10.945482276764757
10.945482734170774
14.38411076596196
17.644675477037968
17.644676946020876
18.76326673419636
18.76327361520077
19.830813034005086
23.016497644227986
23.016498030077738
28.31573827603207
28.315741621705335
28.939668002882062
30.298610282792723
30.29861529292398
31.844343378711017
31.844345611465577
38.120249100276794
38.12025385287806
44.44735498216241
44.44739749378445
44.97947341011947
44.97947432049283
47.70904911444043
47.709054653233196
48.42427343718037
55.45729747042752
55.45732691325475
55.63298912002852
55.63299273765132
61.24845934701205
61.248468378579936
65.28387504801087
65.28388674324354
70.33325200037328
70.3332562022912
73.34969066873663
73.34969453937904
73.94162190491821
75.80532981423454
75.80535352078884
80.70818551482427
80.70818969221291
