7.020425907278138e-15
2.4027788483308172
2.4027788929168636
4.530760731947869
6.844327319289119
6.844327648651724
7.237773009553418
8.847285916553105
8.847286034611855
13.237035448157147
13.237035796032526
16.375988867328658
16.375989442606926
17.84350110722464
17.843501687562483
20.022302315035134
21.482782754832147
21.51836896407609
21.518371529267217
25.783048647530407
25.783049966748838
28.875104898055422
28.875105179477746
29.35947360397102
29.35947487010028
31.60946624640325
31.609470670668028
37.02997898131425
37.02998180821833
41.455187383682606
41.45518809236336
42.294065476681105
42.29406732491685
43.41372123007831
43.41372137366347
44.07258523520288
44.07258681593926
44.78335552665148
45.32894893356884
50.0422104172685
50.042211447453056
55.75434993685791
55.75435250520828
56.81679678522056
56.816810032269615
58.547830142281235
58.54783266840181
60.00056945515771
60.000571848176996
61.75474530040672
