-1.1897080542944138e-13
7.8493065590454005
25.02398623514465
48.81031301678543
75.74358474276973
102.1010337816417
124.33104341586828
139.28141200605924
148.99302229769316
195.81066449956822
249.3731066729001
284.704868910697
342.72280124044505
345.17410183721984
453.0498754681216
458.76487006003157
652.8590895679412
666.7493277929369
705.5819843863823
781.0412529729979
832.8423842074727
834.4257600480714
1063.6860538614176
1070.0938768988196
1099.8947261487388
1105.7555857654036
1448.392084308062
1459.3088293535845
1460.6341163955444
1519.1614683564983
1662.22006469505
1691.5018552936804
2076.628873567801
2104.579851921302
2137.3132605970145
2207.883523236741
2239.6918516705664
2260.7516946293313
2300.5527331824146
2355.9867276424147
2679.7639103459555
2696.896504658246
2834.971928399247
2974.3445757145296
3213.879250726252
3233.9981168376157
3332.196564996592
3356.0666543469556
3411.0184062015237
3556.0080493144965
