5.2475385148298415e-15
5.406729661820839
6.2344422772454715
10.853861559813076
17.893057856906072
19.705503687340084
21.244096905269704
30.11126730109694
30.537960069503416
36.49524953084716
37.83591252943615
43.34950552384591
44.62345796139822
55.14998147978902
55.59085859259298
57.91711747091712
63.5744514368764
67.1377876366052
70.04547539501097
74.89466453545307
75.8943175789966
81.0359565177219
88.68058492633229
93.31090975417612
94.54715212320062
96.41397470633838
102.63056311862296
106.0478809439964
109.02259953063879
113.42092918369326
115.06843044041604
121.51716692900833
125.09128004541654
130.5895162001135
134.72926950897062
138.41297746062838
138.87205961607054
143.93125129680658
145.1041040167249
155.23007155909733
155.91381130884218
160.55299919819305
162.55579467390803
166.3473241761764
172.53799686578307
176.30231490432797
178.86544825809517
183.61124023567783
184.63157293645975
190.90506043053784
