-1.259409243559162e-15
3.0046886114798985
3.0601268524392644
4.56090234194656
7.240124477531409
10.589794675810753
11.313282151283788
11.456389019134335
12.461603271149897
16.924226533288287
17.057968455846108
17.791795604282807
22.797284860761266
24.05771751330326
24.552277465828084
24.904805641822936
27.126335503592994
29.28173425220512
30.14522895606099
30.407926920288702
35.33358069809256
40.12107590989501
40.82506177785588
40.90679485699037
41.44790951983693
41.58532413362924
42.07365310770287
43.30648617966346
48.40309850135752
49.020299898328865
52.039707740116874
52.383184139840914
55.369364826375886
58.37050678760431
61.17580933734609
61.60265516676778
62.09448151207458
62.460678352531566
62.50929116949029
62.599421186602
69.03038624086518
71.40093565507361
71.84235393113205
72.35881284456791
74.35145966220679
74.59286020033434
74.76632490641465
80.69210151516647
83.81975768621768
83.89151443555353
