-1.3270634591222574e-15
1.9303167782185895
1.9303169031258494
6.970394492609799
6.970396115575728
13.716462025537165
14.062951905757995
14.062955195152908
14.709297448794395
15.738290361616228
15.738291157858326
17.562614761571147
17.56261553281294
21.61623952963378
21.616242408870857
22.921555555950203
22.921557666600325
26.5136067984337
26.513608405997154
30.857242813966316
30.857247262955486
33.55084407426736
33.55085006731699
41.41841797104721
41.418426168777586
42.8504426181584
42.850445187651886
45.92330083762838
45.92330963657598
55.00315889455499
55.064052557836504
57.07220343600518
57.07220464170393
57.32832620254059
57.328331741633995
57.45158778421773
57.451588065342435
59.96516513131379
59.965172266442586
60.35690861742391
60.356912021672535
64.31317188649585
64.31318228349106
64.76392351715349
64.76392760626534
73.17317179724077
73.1731789133047
75.57632248116208
75.57632704572025
75.92416721240721
