1.1990061721256495e-13
3.9296963388955293
3.929696735491221
4.002276823847715
9.877634210433284
11.161955914821188
11.161957403972885
13.55820500019455
13.558205250884631
19.26501302350278
21.080325807666952
21.0803269694958
21.244576474737
21.244580656221704
23.43524345785484
28.048181038976754
28.048184246620362
34.10264536363936
34.10265740787959
36.30180268745155
36.30181861332547
37.93730757145805
37.93730994203464
42.30368941248872
46.317216958730654
46.317218967757455
49.835685768109386
49.83568648472401
58.3430930077936
58.34309755856528
61.78525572461033
61.78527260578283
66.27305360576412
66.27305683828799
66.82300288541535
66.82301060739883
68.50287594703497
68.50288213284564
71.92377344090687
82.56158841304669
82.56159461637446
90.12488504490895
90.12499054566968
90.1590672898179
90.15906949559563
94.27978098346928
94.27978666293674
98.87243042321451
98.87245701221775
103.57887718538569
