1.0498546476611637e-14
7.308787123663521
23.285440926161648
31.859107989430175
45.96467222695422
50.213668185309864
68.78262098982916
71.98809969708859
89.72913482040734
97.64310814451991
104.09612941012556
115.62394592265852
121.32644962249337
130.22727992238023
137.340543370693
138.11378505954394
143.39797354333166
149.86170192327444
167.09284521764266
168.64318599549497
170.6948666529188
194.69080371969372
212.7744860952101
215.35682327465105
215.99402136163923
220.463353439459
236.87050731902335
258.4968975343975
264.53247378740286
269.29418933037545
287.77813032737635
317.57262882936516
342.1255346173194
347.96374792630985
353.66072492374764
353.9855893828662
361.5282125950806
366.8613094244602
375.3977981900989
399.0008048052081
425.9687911784586
447.8209745367746
449.4220748891279
452.9845886610004
498.32573904575975
506.19719057832356
517.0015543451135
522.1268881560735
534.9143754103314
542.846477263968
