-3.606490106555782e-15
2.254816727378448
2.254817074700993
2.4482748034016715
4.607013700032226
6.711287605961966
6.711287788666146
7.086930182156896
7.174298866794331
7.174299705414075
12.098810117043646
12.098810623837071
13.611548749637159
13.61155030725805
19.77789931585651
19.777905183122872
20.711832351133783
22.092517904877692
22.092518880150745
22.256891727450085
22.256907944446162
26.697351681486442
26.69735210861155
29.479636856617574
29.47965305897584
31.82407122101952
31.824089540483953
33.98621725163479
33.986221921734476
40.294321323771634
40.29434262823349
41.458052029681255
41.458084529831716
43.37795762380997
43.37797380155497
50.33826775612353
50.33838368273276
51.08444344070803
51.2326845249665
51.23272402703976
52.51121458291616
52.511215556886455
54.07459235959261
54.07461366211651
56.78170464355887
56.781704921204195
57.72802824065759
57.72805361731881
61.32635450847448
61.32648793488464
