2.6124935548210715e-15
2.856381830466468
3.4906646920767677
3.490664692076784
6.055837505153803
9.853023198781333
9.85302319878134
10.347195181990605
10.3472017435009
13.68914845796507
20.664713355162416
20.664718824156786
21.01964754545652
21.01964754545654
21.730157997153874
21.730157997153924
23.123056753546646
34.76199155749543
34.76200604276364
35.46253293107455
35.46253788360955
35.471807147285496
35.47180714728565
39.542499693862666
42.218207172098396
42.21820717209846
53.528590816628586
53.52859081662859
53.8251908985148
53.825193947564664
54.144740351330206
54.144740351330285
54.76892538933363
54.768944598306625
69.45079995516852
72.75126503270899
72.75126503270901
75.00016371347724
75.00017462290897
75.60910977476617
75.60910977476622
76.80632166409166
76.80632166409167
76.95497385707438
76.95497763879624
84.19953172358058
84.19954918155902
99.60535064932913
99.60535064932915
100.61695247963802
