1.0788245297099763e-14
3.4761628486457936
11.58374552086196
23.897230211070784
23.89723021107079
24.094522805743377
40.55877206347857
44.802134094140676
44.80213409414074
60.11189186306439
69.9976010364845
69.99760103648453
77.13260183250158
77.13264954988209
81.86959523373905
99.21211652562937
99.21211652562955
106.58962679835419
117.69157785638544
117.69162761237116
131.20356464116568
131.20356464116603
135.91030232515124
156.45116667544417
156.45116667544426
161.47354858022157
161.47358094276316
162.75490508406403
162.75490508406423
169.44175933854746
193.66371610553495
193.66371610553503
200.0963096018324
208.91605121756996
208.91609206148414
217.97099708054498
217.97099708054506
220.4600415893086
231.70053278557575
231.70053278557597
258.6548059871692
258.89997963754456
258.9000693614574
259.67089105788443
259.6709409682198
277.3680178328564
277.3680178328569
281.1560707689226
281.15607076892263
303.9533519994551
