-5.287437154777308e-15
2.5874791159080215
7.005017281453249
9.172104653442538
9.947308483307989
10.058282385454934
16.354635246284637
17.73231515928785
20.947592577335882
26.902293777229893
27.72022104227207
29.018273952065574
29.155285751047007
31.008484721265503
33.99696768332251
36.03981607589376
39.41132498306931
42.13651158872808
42.70617432159181
47.18887874533088
47.40451726981379
51.733763169028634
56.27388462402796
57.75657072760939
58.02621952028243
60.677796654251594
60.9801882237595
61.52926512535514
63.52410188803634
65.17262787679452
67.46447383564556
68.39678083768635
73.0951892399001
73.6734656982432
73.88214080901733
76.86761880086796
78.0856386782202
78.38784638258836
79.91902341841443
81.9338071313998
84.79487345805212
85.76722786413788
88.61600418436586
89.61054111646212
92.23799791406412
92.55682386435133
96.41802634968944
97.60091141297649
99.9242825905669
99.96342867768956
