1.0157881480399311e-12
2.3336113687681923
9.310998612170696
20.86215988855382
36.871559316556315
57.17983378016882
81.58620917042572
109.85158439465876
141.7025088636774
153.37147022823333
153.3792631332149
159.51486717934057
159.5421805342099
169.76231342180665
169.8190849560439
176.8349209117491
184.10956234263176
184.2022058443068
202.5242839028389
202.65583147898215
214.91987198500698
224.932147809632
225.10298875868884
251.20855071715977
251.41734927055492
255.60877131691396
281.17583579042156
281.4203369221907
298.5367194028489
314.60523083112577
314.8828411153298
343.33012433723337
351.2199436920533
351.52808031069014
389.6066574501631
390.70082521880215
391.03707237167885
432.6933081224328
433.0554576634076
436.98254760423083
476.81083284086935
477.19682897653644
485.0666362668128
522.6443984477037
523.0522314232666
533.4713532987718
569.7643393800289
570.191889003398
581.8016730749113
606.9427920719565
