5.5198901005582e-15
2.8808898129808265
3.104010999222584
4.17082787174294
7.377442976941461
10.230875787403388
10.254417777122118
10.800195176183653
12.086565927527094
16.595913325726674
16.868882359831826
17.369283192988718
21.113722166789444
22.81444724865684
22.991688709196094
24.097194104294694
27.375613065137212
28.440675445010804
29.311320625929294
29.529956963401972
33.7951566810796
36.95228444821152
37.59928413411949
39.704011454661035
40.40100225493195
41.400365508221725
41.94765292305691
41.97382513693089
45.81931510776993
48.42978670551599
48.782181753096815
49.92980671050961
55.365737869568335
56.37614728545145
56.63246064286283
58.89920345372578
59.81266777317592
60.33486366319555
60.70568789720321
61.210518605368435
65.05384187035709
67.83261993540154
67.96114244537891
71.21811533184403
71.65597298611895
74.38152126438237
75.67922081039006
77.88414557689579
78.408514345845
79.47609772972449
