3.420180805235873e-14
2.7541878861946723
2.7541878861946865
2.943566145717664
4.336297861370468
7.039270640702971
7.039273127187753
14.110920701185243
14.110920701185279
23.864994470877804
23.865020808558004
36.15795748654236
36.15795748654241
50.80888156925064
50.808932420356065
61.343226857117884
62.74290511990142
62.742905119901764
67.14332987102557
67.1433369572818
67.60242377009901
67.60242377009911
74.40599073215043
74.40599073215056
84.42486914303987
84.42490868989636
86.2916792613432
86.29180192526977
97.0538211261531
97.05382112615314
106.60245399441683
106.60245399441702
112.10846888190407
112.10853088598965
128.2366266965018
128.23663029727723
129.36925159744925
129.3692515974496
148.58416256611312
148.584293202245
150.87724152847423
150.87724152847426
169.47308644396216
169.4730864439622
174.1928254029385
174.19297200400862
191.73108491456517
191.7310897831736
197.84274516677357
197.84274516677394
