-1.6330686802845662e-14
1.802946567553399
1.802946735684304
6.759834826180321
6.759835131779998
14.025170962278773
14.025171334961067
16.723291343261536
17.64802316351667
18.57967737115626
18.579679179678603
20.069735298211697
20.069736899687737
23.150668662652386
23.150670052901198
24.0507511302956
24.05075204356741
27.62498653914621
27.624987089079642
32.86296313273916
32.86296519140961
34.075679016333645
34.07568406609123
40.63632949787787
40.63633380644386
44.629810014395005
44.62981065559318
46.81382561708901
46.81383764604394
58.56233147887098
58.56233191306165
58.94407024934137
58.94407543547529
61.35006867625167
61.350074191868046
67.56223046267023
67.60668873247064
69.62763304040801
69.6276412314037
69.70341613816518
69.70342038497259
75.4611723960018
75.46117909438138
75.83719864722666
75.83720077952499
76.05780159385374
76.05780428584002
77.6409771739072
77.64098496848857
79.96006117518235
