1.0824674490095276e-15
3.780921261525951
3.9541409505339207
7.5350821389826175
7.968837286457371
14.382809016985492
15.411035471571095
18.327094562520994
18.82956475163743
19.008594755632192
19.508739886936013
29.559731057159997
30.517699137569846
30.90994169835665
32.319716320386064
34.66325173478396
35.37608747881368
36.685804337224916
38.13368290596312
46.472345606740035
46.90954408347562
47.2503418676591
47.590617471791234
50.56974779590255
53.287232382756805
56.408343406068646
57.064102939059026
58.48364483927632
59.39479288406357
63.67920142988758
64.41279768238941
65.55411681898663
68.00778470896942
69.90994315812978
71.34048237743325
72.16814922004978
75.51629270651873
76.86626223013049
80.6889058205227
82.02231544998622
83.40635382183146
83.79690442236911
84.27643075471804
85.76627237454447
86.64839816184372
90.09389040076162
91.85305395706168
91.98083059587246
92.7681508192592
94.82742932696041
