-4.803449304979779e-15
2.4142787274388673
2.4142787870099345
6.050109760231513
6.999742243950362
6.999742302052148
7.870363247649798
9.474073365270254
9.474073736926787
13.513679076571742
13.51367910956377
16.66029351671407
16.66029432348871
17.098496737315536
17.09849728230124
21.953213681761454
21.953214302029384
25.530234521983232
26.00468451968905
26.846427401927976
26.846427417076953
29.86792082035884
29.867922565365454
31.22756038506547
31.22756167740265
32.263889431725424
32.263891608141094
35.21088714129317
35.2108889640101
38.46932625314125
38.46932747289372
43.2317280020551
43.23172913379755
44.3782909913754
44.37829237690975
45.277032632453015
45.27703740997607
51.917831357886385
51.91783212726608
56.66123435237424
56.75203064855414
58.18558781682744
58.18558798070801
58.216672362775114
58.21667294086831
60.86888585876581
60.868891563090855
62.248991902708376
62.24899239230515
63.16263781035987
