2.0204324324701872e-14
3.384823038180754
3.3848233738627806
5.055571197960653
9.210678536191452
9.210682121505997
12.13610729176643
12.637779037225256
12.637779801614155
16.511548653072328
17.020957983275654
17.020965512996156
23.293771548346434
23.293777075260778
24.254374785431327
24.254383480584192
26.714734372521775
26.71475288494056
35.987068346069826
35.987079755406945
37.67533390331577
38.37424471379931
38.37426717798946
43.090954310124474
43.090973890516096
51.65779585196562
51.6578001148781
52.02170005042329
52.02171894567618
56.48731615298208
56.48732352055992
66.61171834435717
66.61173156164378
67.62856858873945
67.62857541752797
72.44068870665201
72.44071273430345
78.26979319157307
78.26980825121768
80.24403674131585
85.13337638871717
85.13348109544121
88.10700844118807
88.10702294646363
102.80041879250832
102.80043265065824
104.25442682377431
104.25454003839366
104.45061804481298
104.45073135818743
