6.371639327262812e-14
1.6080976982254562
1.608097709351173
6.262594453181872
6.262594466015925
13.535451145302556
13.53545197464659
22.96358148863255
22.963582460354516
24.48462206875342
25.2973081969814
26.114301508057025
26.11430168439485
27.21527272696414
27.21527311547826
30.965821985772347
30.96582216730539
33.08265637238383
33.08265675309689
34.252509846025525
34.25251157364201
38.929552752021976
38.92955510766378
43.15537338305875
43.15537694198004
47.28552340564671
47.285527137874624
49.83289080946701
49.83289242990864
57.598080103539864
57.5980853960601
62.02190610945578
62.021909688486865
63.45605017898522
63.45605366716537
76.26163386016796
76.26164324491704
78.42574617643015
78.42574892257689
79.55351119416127
79.55351717624315
96.44373290398035
96.44374459740209
97.87731711181732
97.87732077515109
98.5777167207535
98.60102023185429
98.65189310330996
98.6518935683212
100.31620528654396
