1.5834555888716295e-14
2.1964453627602714
2.1964456916844886
7.093763695308637
7.093763908259611
9.476852639527348
10.72097000577948
11.955908519186089
11.955909897020321
13.677990944421508
13.67799335881319
15.132983393093614
15.132985285074234
18.73005566488518
18.730056363783437
21.912690749184417
21.912691892265265
27.975578634176657
27.975579810571244
28.457597530992064
28.457598758955005
31.66440880170301
31.664409989891347
38.859985749565666
38.99844125564767
40.145867202990964
40.14586946630625
42.030760496546314
42.03076492381074
42.466542798878656
42.46654912609893
42.719486114239146
42.719508778617914
44.4311971062275
44.43120245888253
51.42693204371264
51.42693532856688
53.30934944317444
53.3093522538346
53.911409974831535
53.911411620689094
54.82302023189839
54.823021233947536
60.96843844941372
60.968440791470904
66.25390657156142
66.25391146200003
67.65212735685921
67.65213872072135
67.691061183614
