-4.6532222519601874e-14
2.2212662543345663
8.545651528420692
18.02711722277863
27.609956768645905
28.43233828027766
29.31430665522935
31.790540881523498
34.202267875633375
39.219086419422894
40.92748365950228
43.3598917988597
49.433271019918315
51.510832632672546
55.02751281703514
59.95793953423116
61.17999000977242
65.41789982131223
67.83808497042263
72.81215454986422
80.03212763762811
82.69621505113237
89.13555870920167
89.97614682972076
92.75309393697032
106.08267920133233
106.17303907501446
106.25862257189678
106.624686691553
111.98738345585609
112.17272477113832
120.69846933139328
121.6870928018007
132.0332941409572
133.59841117869146
144.6962334629658
146.44740070408116
156.9966567545063
158.45602633163625
167.07614673639193
167.59835588543305
176.415090530017
176.7799853954529
190.03547375765118
190.0504847845609
231.61063629740963
233.5806477904174
237.41163597738034
240.09629907628246
246.6271965152135
