3.330703768344989e-13
3.1213458403441368
9.888152042003334
9.888152636567996
10.2299595963191
20.319616366345002
22.633362798486324
22.63336329927835
30.61402868514419
30.614030119836702
31.87254282181847
39.168108448235124
39.1681118591441
46.72078286505962
54.11731626923054
54.117319725172045
56.331720969656324
56.33173045850435
61.18851394492607
61.18853904538239
65.38208395337156
72.08191173701046
72.08192074415226
75.27620680416916
81.63507401876642
81.6350752894754
95.92802400814291
96.01715269707566
96.01715559344923
96.1339138351443
96.1339315078149
101.41102989974615
101.41107882911184
108.82519395108814
108.82521319966384
124.69397099216201
124.69400899547571
126.43680254030963
127.25305058275752
127.25305888071442
135.24567191577955
135.2456840599101
148.15726681694804
148.15729663834256
151.3836800352228
151.38372873414542
156.83888183249945
156.8388938183664
161.86459057784143
163.71164106977182
