-3.1329105976141136e-15
5.930263663184265
7.949127620609008
13.26698477868425
19.02082957104912
23.91288647404323
25.346659991533297
33.97095131106794
36.51499732948471
37.49251489508782
45.03623376446116
47.370015833035694
52.67675927199431
57.55471422089488
60.10102550613648
64.27341353540034
65.76082322604051
72.84679550322811
75.78097743595826
77.10105810935043
82.94507163177084
84.95515623093601
86.43900963727295
94.27102306944475
95.95473775135831
99.02583034641574
102.44717486760271
103.44498556654975
106.99412645020641
109.2566964349653
110.99773032531292
112.72717309884987
121.60523164099459
122.48762016857562
123.27622520250596
124.59488519334674
128.55745151877005
131.4163415009485
131.87452934053732
134.47109897095322
137.7200034436289
138.91892127899337
140.60079526084672
140.9188956764413
142.49191504689395
145.2193293252541
149.56404409885835
151.79468753151667
152.86732853768828
155.2981784598245
