9.171483017489379e-15
2.3977710372661942
2.3977715273512272
6.60305524398148
7.043326228618142
7.043326694497048
8.237319279134164
9.795024995206902
9.795025784477911
13.559305679817385
13.559307431884527
15.92758131147252
15.92758211371303
17.31961180879835
17.31961316261606
21.9450802371266
21.945080257624785
27.094931162871013
27.09493219653635
27.32105812840802
27.66376757325691
29.820373975888145
29.820377486395785
32.11391804013458
32.1139183280497
32.26399951584525
32.264001093975395
34.624841165134995
34.62484373420807
38.68727338748655
38.68727363572495
43.44838718323359
43.44838884574566
43.955172733310945
43.95518470820908
45.327809913492814
45.327819734294266
51.99127434420084
51.99127827951786
57.33836635455146
57.338375164442596
57.939496941723085
57.93950472113597
58.37618335933658
58.37618468887757
59.57832459813698
59.631005028949815
62.109614491426214
62.109615336362225
64.99047519293913
