8.382183835919932e-15
3.6535046883727307
3.653505416447421
4.505051082639967
10.156798387760725
10.156805785893141
10.460299967528114
13.330992771078913
13.330994353341504
18.56102832884238
19.009863218048483
19.009869629550604
20.942243755338275
20.942245620720158
26.448353541701497
26.767029958781187
26.76703469743768
30.044335319637607
30.044347186229793
33.95235391881813
33.952365411679445
43.127698057187956
43.127699385511185
43.2432398719489
43.24326997535825
45.35717886022617
45.35718061053487
53.02083142047941
53.020839893834996
53.21694930924075
58.515086162563016
58.515142336996796
63.54933572809292
63.549351444597185
64.88052286940545
64.88053384010007
75.69581635518976
75.69584337853105
78.31778763667242
78.31779119064771
81.16674708935508
81.16674857069512
85.93766842253869
85.937690087785
87.08234985233771
87.08235966958142
91.65219260619952
94.55987029893562
94.55992372390722
106.75016833284383
