7.021345310720406e-13
3.689188905157287
12.289479848913837
25.579548670891445
33.273486173401785
33.2734861734019
43.214143064116016
58.822901708725844
58.82290170872609
64.63112662187713
88.54242527661319
88.54242527661393
89.02445502341139
109.6251422660815
109.62519216938882
115.71006166104917
122.32236020744384
122.3223602074441
144.99587288271798
159.52065795284958
159.5206579528497
160.03994347861703
160.03998729715624
177.83779998613622
198.76232437030887
198.7623243703089
212.50994531639668
212.50995327913867
214.28937112826682
226.07886397317006
226.07886397317023
237.57382547760906
237.57382547760952
252.9375750004196
267.8614026412139
267.8614398235802
275.5166040668897
275.5166040668903
287.4835611765393
303.1187349438353
303.11873494383565
312.4988512296616
317.7443968031065
317.74439680310746
325.77044009142736
325.7704767823408
350.45644756484364
365.8407417095506
365.8407417095513
379.1166804304602
