-3.221901911931724e-14
3.8229837475370725
4.790982778006225
4.7909830283874095
10.490854586562701
13.86411802145775
13.86412162085798
15.106518636633343
15.106518970405101
19.271025688872342
24.74681214389401
24.746819804049487
26.65259099405661
26.652596157350676
28.183782235664978
31.944786683243542
31.944789019472953
38.12401661558811
38.35232189104905
38.35232824848834
43.008360671017066
43.00837254460822
45.14018271587895
45.1402025779001
53.034488037402376
53.034490491899085
61.4935840605895
61.49359603338785
62.96064887270977
62.9606768143047
63.24604174400314
63.759636468413525
63.7596405420609
77.57539288369318
77.57539978377483
78.36294206630208
78.36296063825428
86.47852037722681
86.47852822831561
89.94317778699804
89.94318630696448
95.0788517073163
95.0788585599811
96.46315211240352
97.48663923524641
97.48664223337194
105.77459338961448
105.77460737999442
113.46810772976657
113.46811860395276
