2.0891274821188688e-14
3.340235454994114
3.3402354549941475
4.735568815253187
9.169466415015615
9.169468232797476
11.06746526260084
12.467235161178746
12.46723516117879
16.38585268729574
17.064598318541258
17.06459831854131
21.403817891310897
21.403817891310982
24.448308410018516
24.44831293264814
26.953545972725077
26.953579854391112
32.08666103163763
33.64845720965383
33.648459815925634
38.94132669719871
38.9413266971988
43.418301724137876
43.41830172413798
49.552124419081
49.552124419081125
49.55877400407009
49.558774004070266
53.084653752727284
53.084686319401186
64.1398626290548
64.13988325360673
67.54500529814517
69.40023339631422
69.40023339631445
70.11799424414195
70.11799902702786
74.26671144030011
74.2667351280336
84.59072442442483
84.59072442442492
87.88095473885294
87.88115118662827
93.53538005058662
93.5353800505867
93.74655453916769
93.74655453916783
107.00803431325642
107.00805478588047
