-1.1475195793586579e-14
7.514874718012305
23.976138878059736
41.52669250755186
47.536439826153135
66.84732703204814
73.54900631967182
86.79063433559537
99.95363550692946
112.38410938753046
122.696493442898
127.77841043894695
139.05163275423135
148.43895335617083
150.15108481661716
156.17684233463933
165.4173418466309
188.9593647017684
196.19133141778917
197.57318027338184
214.96776427366873
263.99629349454517
264.68871435910563
266.74549786367686
271.88182177341974
300.4861226271594
318.58469341722156
334.20564880979714
345.1273049386482
358.7714392077733
372.8541200059899
445.1591521644272
449.4241003652352
455.3045848584377
467.8191125662303
474.41671706794307
477.2581543699392
477.4927723937704
489.93385784847385
550.8668338677669
555.7376160851602
578.8822319635174
607.9602523731255
647.275640143508
657.9328032887582
671.9256376281953
677.9673522725811
688.142314662067
708.329118212002
740.9199949985104
