1.774067004411961e-13
1.9997300479334752
2.000134930157733
2.0001349651938325
5.996218312146462
5.998331318592882
5.998331626280486
5.999665043105166
5.999665133979898
11.98376843403994
11.990554367232138
11.990554571626793
11.994200880391155
11.994200982764246
11.99610474659492
11.996104871581613
19.95431377268926
19.970275250247983
19.97027559251888
19.977161429560976
19.97716160407506
19.98469997473467
19.98470013907607
19.985597435802646
19.985597473777663
29.897308245289274
29.928486570483297
29.928486867977657
29.939517337468015
29.939517598134827
29.958302633114812
29.95830273164037
29.958691651396986
29.958692314037638
29.966661607543546
29.96666171699866
41.79975169577922
41.85371314199796
41.853714792134646
41.869767650886814
41.86976827309815
41.904805082998166
41.90480584073821
41.9072861510555
41.90728638111319
41.92677034706949
41.92677069426408
41.92962553887452
41.92962611082693
55.64620987869371
