-8.895262998409592e-13
3.942074973429818
12.930043267606191
21.295498617797573
21.295500405576952
26.264037049789163
41.863688025344004
41.863688237570095
42.89474597428978
61.61379728615125
66.3581219305153
66.3581223596312
68.17735132115324
68.17736146265466
81.84220169381388
93.64934450283872
93.64934806900328
103.8384344652066
106.7813697139859
106.78137025301437
121.93106583589255
121.93107233899143
127.26293404248506
138.65385897183555
138.65394764455698
146.78007940782066
146.7800872714529
149.04082308697585
149.040825330011
150.53181100576523
170.3122624088142
174.75134166042133
174.75135171951575
185.26096481113703
187.2965887848367
187.29659274616628
195.55745217128108
195.55752921976574
200.97972884426486
200.9797389344897
202.73639940430698
220.38667364637837
226.58782214570144
226.58785017737347
226.67081686705754
226.67082515962318
232.29128796707852
232.29151497275825
234.93316703717304
244.88275609560162
