7.749356711883593e-14
3.8310348408132135
3.831035310197015
4.313244670466006
10.244509498517708
10.786349064486975
10.786349955117839
13.655097262009438
13.655099208090952
19.388223977935347
20.419363267042726
20.419367361909174
21.126587217809764
21.126590025552723
24.660922579718132
28.00525918396839
28.00526325058411
32.6614782443101
32.661478578083845
35.371901933115865
35.37191118584935
40.80013454841036
40.80013668088195
46.61118712067703
46.611188740468464
47.62301424013735
47.62306198125327
47.946000932201294
58.75753873838869
58.757559412145866
61.46178851577581
61.46179049329745
65.37338003584014
65.37341793383649
66.87380988281167
66.87381053925947
72.74824414837941
72.74824582129072
82.12051017285152
85.70292188148656
85.70292615307943
85.94450036444456
85.94455626688125
89.68652617255935
89.68655418551256
93.86389943196693
93.86394097388796
101.30876489103355
101.30876708669834
109.34593028815743
