4.9057979900624105e-15
5.60687195432856
7.382565065348167
12.832446882203609
18.306848450321308
21.241070532879714
25.135998669421266
32.64326845450647
33.364639889756624
36.661466257119606
40.04355461965446
46.85849183967563
49.83215348841635
56.39353934703493
57.664325334559464
58.87150645364218
63.720899178374516
65.72975912179947
68.593128119023
76.54255610182716
79.75973967244272
82.2258469930598
82.91289788439165
85.85950197034839
90.98937964491836
91.53679703008544
97.04981313588948
97.8438687816074
102.19130324656957
105.50899764577778
107.4305236194168
108.75527123492743
112.85354794743078
114.41181369672977
115.11092633524635
117.73233693535417
122.18773123742416
124.47114471390707
125.56137935451972
127.94078115691507
129.84763000473896
131.92743732874058
132.93813723279658
135.27106409947453
137.1784179423272
138.7119519879787
139.28455991580728
142.69456636318358
143.68991791323285
145.1556788501213
