1.45179007704499e-14
2.4151527421188335
2.4151527796624928
5.943356955152279
6.993199059357673
6.993199163207037
7.811149727793443
9.416161447694451
9.416161487944798
13.521971253414353
13.52197177658266
16.819945521908352
16.819945614648358
17.060563777184367
17.06056408887593
22.009445991190763
22.009446993347645
25.235539739417966
25.74839730176997
26.82369486085256
26.823695528184913
29.887244377433163
29.887244485451692
31.109349075091796
31.109349158232714
32.422561091818196
32.422561870329666
35.55472367626785
35.554723926795276
38.503472359833985
38.50347390907445
43.2547351678127
43.254736128438225
44.72103352623477
44.72103389577512
45.37469435681806
45.374694862243125
52.07641018014057
52.07641529751542
56.381018549957986
56.48461236371537
58.29408077323828
58.29408208163046
58.857377985715104
58.857380363658365
61.535099253968376
61.53510048357175
62.44229708345892
62.442298140430616
63.155993871307224
