1.9345636204093353e-14
5.943097252117621
9.292688813226158
18.085966967387947
20.573724169216057
25.67954773840756
35.600971623131436
41.87060688974845
42.555933404711325
43.25892490970988
52.19740187489194
60.50436742077059
70.4739871742387
72.34533608454605
77.25341853213706
79.77333496773697
83.84369783151594
85.13840118023053
96.63056986518562
106.9457605476753
110.59896548561801
111.21838758814725
116.19446762353788
120.16885943109283
129.15427647320757
131.3745385409453
139.18260687880476
143.09657688371433
148.37248678645832
153.3979942325861
154.73800890244615
162.23358689889938
166.84551794825512
171.97598686172347
173.2892892026798
178.6043363551643
190.72928613442747
196.40504010264755
200.532912344391
203.77815567547106
206.00295875152767
209.4540023086092
214.26432581639125
217.26526350064182
219.39951347345698
225.20005487848292
232.80239186607633
239.50291708409716
243.75582454522285
247.3113962957763
