4.421810140264881e-15
4.014977122605994
4.46356558169098
4.463566928745094
10.482239608839384
12.773715434066924
12.773718463320577
14.721845771890965
14.7218476198523
19.942465986544544
23.432248026978748
23.432250594853052
24.358681131226735
24.358688467161784
26.23113182320653
30.700029680080842
30.700030549974752
38.91768846782857
38.91769276417838
39.02570737169488
39.02572354590903
40.87100313784548
41.29704473009744
41.297049471763515
50.65741015343549
50.65741492572491
56.73954649571071
56.739558835102784
61.171443848189156
61.171451860552885
66.40681387091196
66.4068217147917
68.91070157685293
70.2826244273858
70.28263597147125
73.39994821718031
73.39995672500119
77.38805503591753
77.38810616151942
87.82727259535396
87.82728018167121
96.82053395536785
96.82054231593385
99.16725311718871
99.16726208680203
100.78002937435078
100.78007704340926
102.80661079883565
102.8066183559888
105.60596068192562
