1.2309597785531423e-14
7.090345773701474
21.81926548759853
23.60968443382375
30.561499711515694
49.16019920695535
52.314670141017494
60.488994665989075
74.68500280343152
83.59080136837167
87.8541616476819
95.54896646701565
105.8589200989209
117.9523114914511
130.1596149719912
138.90893087041644
146.50562405883178
154.09093208497887
160.4928330610531
162.5445560668316
179.7487900611119
192.83689332168007
196.225609856857
208.45994034587272
215.02026202511794
227.48928966336203
228.7506041540085
247.6626055213816
260.7297204363966
262.40809677758665
272.58876559621876
278.0013599855473
285.28233291503614
288.570252229583
297.7347468685334
318.9423294022857
319.79585950396716
326.5106967198986
337.8470736263487
354.4066063924507
367.02355251771064
367.58668256090834
374.25773400573684
375.12809411134236
399.21565365261745
409.9562162990849
411.5557498607021
417.6654738776269
422.27992622270284
430.8166996343967
