9.29638310775971e-15
2.7523879113526304
3.847036667397702
5.505457704184445
7.500732309888566
10.588123428235653
12.22529558260614
15.064446428543693
15.149344173980355
16.424680803668064
19.15606362783476
21.370121712953054
23.710819312819044
24.48077976116518
28.607911651030857
29.788392887895977
31.667746416916728
32.30451866152054
32.733310530669485
37.6439751563606
40.5182937143909
40.53831310907639
41.41363486172326
42.43352237965563
44.63153039758183
49.53747366882894
49.65136086549899
54.989164412793905
55.34997422997449
55.64197731998368
59.662849460732836
60.74004188757496
61.533532422077485
62.1928177365645
62.56155961013616
64.56293588721964
66.94546871964457
72.0070493808486
74.54146708745377
76.75010112191642
77.0382371521696
79.88767599303357
80.50191922085914
84.82472576250952
85.86443612265809
87.25845651762648
87.3682945442806
89.86743043952185
92.06605389777971
92.46184663989986
