2.0555605828587176e-13
3.6821986216491522
3.920298334706773
3.9202984839107557
9.388858538287531
11.20613936143018
11.206139902267942
13.08264884949427
13.082649029892396
17.878017744843635
20.6626228640438
20.662625254253218
21.412200979534543
21.412209052464785
22.79660408745457
27.14411689003217
27.144117376433076
34.466778312118414
34.46677983406984
34.544761579996766
34.5447633537961
36.152697412477806
36.370976326054645
36.37097861645539
44.6163502990457
44.61635651511283
50.471432835775246
50.47146965688519
53.55318751519707
53.55318884247767
57.69530764196505
57.69530894895817
58.77661052630193
62.79766680214326
62.797710331861715
64.51803886096836
64.51803976417254
69.49272745470401
69.49275938456732
76.26596904416829
76.26598415733282
82.66458900089172
82.6645908646508
85.7889904923392
86.15401762100277
86.15402167557005
87.27089031244999
87.27091640346653
91.56225604500274
91.56227893756405
