-2.1437712716121382e-14
7.56145175465722
24.50896165026231
30.181161300493216
52.81189717502237
52.98108707047017
70.82942704619973
90.88081341304701
97.81459540278627
103.61706808394538
123.08632624510706
138.7579507610991
146.56682950364538
153.00031961842373
169.8878184949801
188.985668378203
195.83025690105816
214.0811146193609
225.26894227605464
227.64236294379057
239.7669569908338
262.8041265092031
274.9505020625355
281.56283948197006
289.54434053608
307.63604258716543
312.81298833011834
332.6705112839245
337.95395369527756
363.7720753660691
366.93953198424975
385.3728362714481
395.6949766638424
401.1857640723088
409.0530390114246
424.00118784938405
439.86084260977714
456.21370204943986
461.7061442834349
475.62264177854155
481.15490733190455
501.87061726370774
511.44297883000354
518.841923503197
521.005122544597
549.4442140259673
552.9221081036419
577.6641120939552
585.2165187987318
600.0376724475511
