1.5265566588595902e-16
3.3831222719973106
3.38312235374297
4.977859049620001
9.191717032369262
9.191719924120456
11.556532331816523
12.540433394906573
12.540435932873532
16.24206042109369
16.955023849661462
16.955025973716207
21.732272231085023
21.73227678895418
24.126661339476893
24.12666469062503
26.575518478120056
26.57555256321568
29.659278645307793
32.846388102936864
32.84639839031938
38.15139910424264
38.1514070658382
42.081865639957925
42.08187778876432
43.477027653549506
43.4770283455741
47.22929968225896
47.22931039300591
49.392113753950184
51.72936337164606
51.72936513130869
57.77080407384352
57.77083456078272
59.17462809394644
59.17467212737554
62.72116453730766
62.72118500163599
63.92393563754892
67.31752799234258
67.31754971376175
72.04731659653417
72.04736073968003
75.16344579083274
75.16348460607668
76.36430583109426
76.36432163723195
84.90596589204556
84.90604336655326
96.01973489038939
