2.938101151261918e-14
2.873073540335873
7.812047356757601
7.812048425330218
9.320545708411517
18.06111911898035
18.71736254411652
18.71736524256459
23.906361542254324
23.90637034636137
28.1256318673482
32.86012191836261
32.86012351523663
41.998988425213334
43.766878171609584
43.766884877221116
46.31971352116775
46.319721230992116
47.41454286277709
47.41455859637864
54.770661258609756
60.63956714665726
60.639580212592584
64.54584839370406
67.14785917067067
67.14787222377738
76.73996383630246
76.73997736379239
78.06356900541712
78.06362771810751
83.15761736755884
83.15762435737712
86.58417006221367
86.58424131726049
87.49698229873074
101.76491308949286
101.76495295971907
109.96779994380259
109.9678100172248
111.29469919661841
111.29471208652772
115.52654573572293
115.79435103854077
115.79447409128137
117.06567532532237
117.06571048359105
132.45693577647862
132.45695294955027
143.70623485169477
143.7062429228332
