-4.9439619065339e-16
2.282396991097083
2.28239719756745
2.3904456054008643
4.581531763560395
6.937893037759263
6.98769420877479
6.987695061332828
7.0230023667125145
7.023002858044501
12.254296608979203
12.254298416776567
14.681519103966936
14.681522508962878
19.639720420679115
20.8820136506538
20.882021247143868
21.05857732066062
21.058577896389448
25.171625792792252
25.171626122444586
25.95608937023142
25.95609102798259
32.76366128151658
32.76366185541415
34.186818401647855
34.18682544235081
38.254521963819194
38.25452821856998
45.82065858201742
45.820659163668545
47.69093254162124
47.69095182833325
47.78820459594813
49.254140251539525
49.25414082222548
53.763247318917585
53.763252853017406
53.77640798330484
53.776409223028494
60.88511138660457
60.8851340639587
61.337091255450225
61.33709585648807
65.39072882804442
65.39075140129152
71.58212182906983
71.58215106109648
71.97700116170407
71.97700158814729
