9.901801600875615e-15
2.2065635736942495
2.206563600763079
7.0544539736574245
7.0544546460264055
9.362760814213622
10.623819224153557
11.871427564875248
11.871427732337313
13.496272291694329
13.496274092112278
15.145124204612285
15.145124339869131
18.661943328328203
18.66194416485538
21.42716986890028
21.42717640714572
28.14046263990904
28.140463594432088
28.267466304168924
28.267467914497402
30.617095266142996
30.617098697381138
38.47380823775999
38.61578262984685
39.60577590034309
39.60577931356315
40.744813588756685
40.744813626073295
41.70307554054289
41.703077931632706
42.16256272875788
42.16256459927807
44.38138748806504
44.3813891188968
51.21737554744212
51.21737675881057
51.44244107803375
51.44244192067348
52.10114056718927
52.10114828568638
53.88022183885394
53.88022532843313
60.42581879574419
60.425824761426874
62.31522068702053
62.3152293799909
65.34555189581745
65.34555361460862
66.03195990458478
