6.643990912991171e-15
3.453891406273453
3.4538915785219615
4.92148231927906
9.475769623960947
9.475770100306326
11.522206094165815
12.893692064897735
12.893693414152022
16.91704955509128
17.62894288897831
17.628947609631048
22.255554217677837
22.255556290305996
25.254477677763493
25.254482702374755
27.84210506655634
27.84211068122904
33.542137879062516
34.92766144391697
34.92766244870496
40.228950373813845
40.228951393832865
44.90700495876886
44.90701136609525
51.328403791492995
51.328406680404676
51.6533641149129
51.653366317681055
54.85412017354983
54.854163923509766
66.47579509401241
66.47579909717815
70.46706103221912
71.74186269063804
71.74190209039266
72.9230484540129
72.92304977709476
76.76696587728239
76.76700675378245
87.63531884005927
87.63531930842123
90.89308136236413
90.89321138077905
97.1163532631584
97.11636105140494
97.56845975942714
97.56846398787002
110.82020548854678
110.82023235326409
