-1.0151601781416275e-14
3.120382540989495
3.1203828068998054
3.363667547202442
8.313025688140009
8.313029428215616
8.663026607697443
16.124058826560994
16.124061924669974
17.977337313749132
17.97733842101239
18.361654152366448
26.51542376467308
26.515425077091894
28.539447457344885
28.539451057534954
39.52988050443718
39.52990322416211
44.53997382656179
44.53997508433758
55.15307724291002
55.15307843853982
57.332202951437495
59.77758471132643
59.777606901189046
63.058376780959776
63.05838045791237
68.67049647049171
68.67051411048068
73.32928197696921
73.32934819195172
82.73838580909212
82.73839368806622
85.09411033870941
85.09413062237064
93.97817751970648
93.97826139465394
103.91467740962561
103.91469232818356
110.30841535400845
110.30843826923854
117.00205738584934
117.00211937157141
127.01004007256357
127.0100847434686
137.25055902798945
139.51170130291916
139.5118024627172
142.22376971207
142.22383220531108
