-1.4693107841523556e-15
2.031114649738802
3.3490824798649474
3.349083441671384
6.377693260935255
6.867882433665965
6.867884908353027
8.909262637386485
11.145208212576163
11.145209668595477
13.494511893863328
14.802140541152184
14.8021436638637
15.366555998093391
15.36655970027782
23.379815038015227
23.379819585266674
23.772567078639977
23.772570177122862
26.335216528581892
28.725515118279855
28.725518288116447
29.105679955029323
29.10568198017178
36.99202826214414
36.99203227254859
37.566783621409165
37.56678494256312
40.87067107437375
40.87067290784415
46.80920104071618
47.52170620017146
47.52170839385086
49.34666400493619
49.346667027949714
50.7906736932132
50.790675176403795
57.00497600664706
57.0049824037264
57.302483982340775
57.30248719809038
62.11129113413587
62.11130356285132
70.01560000983277
70.01560952522959
70.07075801766801
70.07076502429292
70.53928835473975
70.53929034903592
74.04327287622472
