-7.395126178089129e-15
3.7056609925794555
3.7056619255553174
4.624258578200618
10.304186518706215
10.304190260921345
10.71182863475218
13.566789812244227
13.566792340900673
18.751357618334843
19.310797972345526
19.31080055951326
21.393030970883874
21.39303900864863
27.283598120232142
27.283604543661845
27.444480469017968
30.591413513304655
30.591429517192147
34.67318479000912
34.67318594465225
44.175949534697686
44.17597395845612
44.62888122386898
44.628890053473754
46.45664309536254
46.456649304443616
54.27118040803567
54.271206616509346
55.736962239377846
60.029531185494214
60.02958303878874
65.62679996471182
65.62680902528386
66.52585677309428
66.52586523453755
78.05653553805541
78.05658692548272
81.64365910175599
81.6436684529699
83.94947265848897
83.94951692912885
88.2623175632584
88.26233406541617
89.86786497691187
89.86786681358588
96.67252810718954
98.11542480803485
98.1154395312237
111.06979527093563
