1.250735626179278e-15
2.378182185746713
5.2452576226074905
5.24525762260755
7.70726631277463
11.089087763923601
11.089087763923665
12.14239360460235
16.342717898640586
16.342734646905765
19.593368472803462
19.59336847280356
21.753448142070255
26.582439158102485
26.582449920434822
31.62026044237916
31.620260442379227
33.362077003632955
33.362077003633075
33.73595932241708
38.19508713052414
38.195094056913646
44.89115334672728
46.59171222546058
46.59171222546083
47.86943734051565
47.869437340515894
51.44303126832365
51.44304434494898
55.5627886739853
55.562849889192265
58.4065707270215
62.90465553364926
62.90465553364937
63.35849792931494
63.358497929315
66.3485296013165
66.34853541464865
73.15738421322703
73.89469802791925
73.89475909695034
78.52808011046152
78.52808011046164
79.4701482361269
79.470148236127
81.85623630353109
81.8562363035314
81.98169804264226
81.98172166337314
85.83872493399642
