6.751543768501733e-15
3.391769673752042
3.39177099424637
5.113387653852456
9.223943954080019
9.223948049198185
12.367651781157738
12.657623456548672
12.657627231625131
16.531647987207098
17.049444895475087
17.049446870520423
23.76519895257006
23.76520712885282
24.280890912750348
24.280893142381174
26.787763606608873
26.78777046162348
36.600491021031665
36.60049975044163
38.549403942078335
38.54942249186617
39.16688787658369
43.337926337340576
43.337940736069875
52.390342829320026
52.39037059048655
52.4055301628036
52.405534764192396
58.31398063719349
58.31399519624375
67.53660580661743
67.53660742967959
68.32234289775796
68.3223851398864
73.3203755573365
73.32037571572519
80.44686561154278
80.446880300122
83.82211325181561
86.33136382602476
86.33145271116703
89.42780333122887
89.42781025124847
105.36882409780067
105.3688278144351
106.33938011242527
106.33942801037041
106.38674205020638
106.38678510875407
