1.4849232954361469e-15
2.3630974335550277
2.363097686533795
7.086646735093719
7.086647862518538
7.233983281647187
8.726877953169565
10.20726270929795
10.207263712667267
13.644468407056241
13.644468940336797
15.34465550581015
15.344656475117226
17.593609067068623
17.593610311062175
22.065577351602933
22.065581734031976
27.43947668338345
27.43947844219957
29.626954968090857
29.650618876996813
29.650620424880646
29.886347096193223
32.269079869253815
32.269082400105134
33.952103976402974
33.95210735247216
35.379936835140576
35.37993910093476
39.138144494364546
39.13814547937722
43.88032923122273
43.88032937876011
44.144609031405025
44.14460977939668
46.00558126303592
46.005584174822864
52.545766848879104
52.54577381593743
55.12083399016974
55.12083866399451
57.56152407329562
57.561529481835244
59.066816746684744
59.06681911770566
62.62468825442574
62.62469137200709
64.30999458883345
64.34321896688917
67.54911832750999
