1.8378180921541087e-13
3.471954693648846
3.471954693648861
4.881437691836769
9.543976465003164
9.543981099604013
11.374519238660403
12.951596141597403
12.951596141597427
17.05260452475237
17.781895072686854
17.78189507268688
22.037550379328266
22.037550379328277
25.483783933860106
25.483795103269326
28.117677113708762
28.117684354499477
32.641483009542064
34.729210975669695
34.729215005851465
40.667802291731036
40.66780229173111
45.2026875800381
45.20268758003821
50.614695447173645
50.61469544717382
51.42608149985584
51.42608149985587
55.50121374366246
55.50123367918849
66.37089915400257
66.37090765371752
68.46495778736278
71.81959732713841
71.8196065895079
72.64766343269564
72.6476634326958
77.8354999207101
77.8356207865502
87.58453656694968
87.5845365669499
92.11459918899327
92.11466111388265
95.39110150614185
95.39110150614204
96.00183536553132
96.00183536553136
110.9331846317561
110.93319476693665
