-7.979727989493313e-16
3.4052239717314183
3.405224022955067
5.02992756272288
9.28660645439345
9.286607086375495
11.97940971755053
12.714344794430412
12.714345312348229
16.58769793636704
17.19621450523106
17.196227849543238
22.988637118706535
22.988637396897953
24.551699428975795
24.55171558505651
27.048646317940545
27.048664025336173
35.617029419900526
35.617036460419044
36.269313112903404
38.94494303965473
38.9449539534784
43.72979888769002
43.729823215312415
51.379202134814655
51.379230936232595
52.93141703959242
52.93143379943957
54.72496233957703
54.72496317398455
66.58839617748627
66.58839926994544
69.00896114186206
69.00907095291777
73.718951103843
73.71897552564985
75.98789945838813
76.05478901922076
76.05479841451066
87.15106027785365
87.15115964988945
87.67207914375535
87.67208022810118
100.10414501537221
100.10417104414843
103.3777920294542
103.377797172307
107.31244787003907
107.31247252077095
