-7.733397255904606e-15
2.332517057662126
2.332518034061494
2.7710569852302624
4.079809721124775
6.401698741786118
6.40169989752637
13.143395692197718
13.143399146761467
14.537323292820815
15.651673427207438
15.651676194024557
20.037257243371027
20.037259322292012
22.49659675427289
22.496603804708084
27.321910828445816
27.32191637797358
34.374843714703026
34.374854102921624
37.46868766971181
37.468698086334165
48.66564758292313
48.665652016756546
50.42591376093938
50.42592972162306
65.23052879398759
65.23053717780341
66.12724155338054
66.12724908355449
83.90657251626098
83.906580763836
84.49167393123952
84.4916822053143
90.58360746764296
91.74584244229442
91.74584606628677
95.27737620692591
95.27737787207363
101.16581029147277
101.1658135471255
104.51041230702633
104.5104277781263
105.42364144398486
105.4236613060748
109.41573817828734
109.41574378910911
120.03496627414616
120.03497394080009
126.84558829095276
