1.69187580612018e-14
2.3950732711672322
2.395073274272796
6.531492328089309
7.030071014387148
7.030071699588315
8.22119127261798
9.750942239673737
9.750942506584861
13.562607050456743
13.562607268407898
16.092255538465185
16.092255815745766
17.313012422008818
17.31301321195326
22.010136264725727
22.01013681606632
27.142518395026162
27.14251954040587
27.482272868194546
27.86266931464163
30.036746221236918
30.03674737362513
32.31570993720284
32.31571270283261
32.53017983319778
32.530180283585246
35.1158823384019
35.115883321309006
38.850440051365986
38.850441093249906
43.791214016221836
43.791214080071
44.40639296636964
44.40639375799002
45.90270655625861
45.90270775740798
52.36929975418749
52.369301672796944
58.195891688207205
58.1958922020341
58.974518979002625
58.97451921888508
59.366251262110985
59.36625260517608
61.42626259507835
61.490122257390865
63.11077916935477
63.11078117977782
66.98739314338536
