3.1373341424778545e-13
2.458800971098578
9.474926723172965
20.82055991318264
36.003773873458094
54.363741094081945
75.1030379500263
97.32498650982998
120.07559115413618
142.38837580632426
163.3341554989797
182.07058342769585
197.89098786431774
210.28078888185397
218.97148004398275
223.9867844479194
440.2694399492113
440.26943994921197
506.1490810034686
506.1490810034706
561.4942977725049
561.4942977725059
610.2820771861376
610.2820771861386
653.1537982298318
653.1537982298322
666.5801022388459
666.580102238847
704.4517379833396
704.4517379833403
755.5754763122893
755.5754763122903
814.0106304206909
814.0106304206919
881.1106342593142
881.1106342593159
958.6456947493787
958.6456947493807
1048.8642747440958
1048.8642747440967
1154.6521894992493
1154.6521894992534
1275.725202382868
1279.898421083695
1279.898421083696
1435.1572585377237
1435.1572585377262
1624.19971322616
1624.2002809675603
1774.2657655787
