1.6382728507124966e-14
2.1453135878265215
2.1453137044474992
7.0601406191384815
7.060141102917646
10.198078112552528
11.390146603715106
12.57653469915905
12.576535177033616
13.610909009463347
13.610909707166611
15.409274735968216
15.409275901597738
19.155082779000672
19.155083564724283
21.675359488911216
21.675361475145202
27.44986303112024
27.44986578263089
28.71824208866908
28.718242143945794
31.06922426126134
31.069225167137475
40.21278560236247
40.21278736350134
41.50984954154234
41.509852820793576
41.768063645217616
41.88464312866349
43.99048723312912
43.99048750955822
44.734300363729304
44.73430210145178
45.064890265443815
45.06489385540764
52.664098478711274
52.66410454565693
53.01124045217882
53.01124596344655
53.53559187456169
53.535595837955256
55.264197312726054
55.26420224866102
60.90401446621444
60.904015005144196
64.16903736937766
64.16904812043632
66.69858037401096
66.69859145290621
67.56486753391404
