1.5577816814271728e-14
3.7669929292325546
4.470304830854465
4.470304830854484
10.092099867411388
12.88949676031481
12.889500995423553
14.378332936740573
14.378332936740643
18.791758062049198
23.23988018891199
23.239880188912075
24.744203413770656
24.744203413770677
26.166873471465003
30.22774142450582
30.22774211802433
36.996802870605876
36.996802870605954
37.52837317976049
39.927359047793644
39.92737420236246
41.96261940224412
41.96264835933876
50.036192855659216
50.03619285565927
58.510892482211695
58.510892482211766
58.76348730944509
58.76349851735833
61.926738026737056
61.926738026737134
62.32396713775853
72.9256417195652
72.92564171956526
72.98407925031435
72.98408981379292
80.51967778591315
80.51976100037179
85.28691127661327
85.2869112766134
91.2926975850681
91.29270400475217
94.42441777296753
94.56168070550488
94.56168070550493
99.36537718350036
99.36537718350039
105.9303802439211
105.93038024392138
