6.312658729079601e-15
2.128225009295175
2.1282251054908947
7.040958379177897
7.040958887036011
10.469394223542473
11.635716806729675
12.816413146527156
12.816413574604432
13.552536732533493
13.552540734233668
15.528666909602332
15.528667748801954
19.31907279216389
19.319073880234956
21.487326926220536
21.48733581954204
27.257342932214033
27.257343333386267
28.77734892543625
28.777351592690657
30.62014632905849
30.620148298285013
40.09969081322371
40.09970314154667
40.62008886084361
40.62009722502737
42.6116624188419
42.71802116279432
43.66732970472942
43.66733538641884
45.513111898949305
45.513112038684675
45.8086648703171
45.80866867464331
51.10300849530528
51.103035166995745
52.587300725956524
52.587302386441415
54.104572616478166
54.10457851657416
55.616978840020664
55.61698225015877
60.55240465601238
60.55243145419634
61.65796896626851
61.6580334556173
65.75523144119536
65.75523854304951
67.77342788381046
