5.882447307037353e-15
2.275497308563136
2.2754973138605115
7.040870559963618
7.040871062086328
8.43532041109061
9.795038041152141
11.121541830739137
11.121542175249685
13.413325311856223
13.413327129698887
15.072018735060164
15.072018945690157
18.166871421395335
18.16687234818772
21.3028624329593
21.302865220457736
27.81827532543215
27.81827709461039
29.035955710396617
29.03595833788625
30.460475528175376
30.46047669816375
34.85220622699569
35.03664912629411
38.47119402868359
38.471195172009665
39.065367209693704
39.065367268080216
39.186958453100914
39.18695882026759
40.56047554070881
40.56048621569097
44.49911083567755
44.499111189116796
48.993286128880676
48.993291759855566
51.23421936311158
51.2342196291415
51.43887072268342
51.4388727275521
53.55767786081685
53.5576841036066
59.81044758711492
59.81044950264146
62.086687748738946
62.08669927372342
64.56542727817936
64.56545281924929
64.7514371207837
