1.0760489721484134e-13
1.9997331689185092
2.000090931096441
2.0000925588967906
5.9963541709998145
5.998162367785638
5.998181056132493
5.999432810098669
5.99948692831958
11.984372703513507
11.990057827277871
11.990181504258821
11.993818997294616
11.99385570224363
11.995370901934574
11.995412898132024
19.956048639933602
19.96896751819069
19.96964226976773
19.97666432559942
19.976867475948527
19.982621508011917
19.983075191973544
19.98414216104291
19.9843800847739
29.901085478620434
29.926076535692683
29.927100513075317
29.939404464015336
29.93971139424152
29.953908499466365
29.954931998686515
29.95632545406128
29.956880900202506
29.96287905600716
29.96368227862471
41.806935488385676
41.84975786245169
41.85085266406694
41.87082135142542
41.871304114920626
41.89943701109088
41.90094241846045
41.901636002857295
41.903176181090814
41.92007451112642
41.92154407962621
41.92205002793605
41.923889424196595
55.65886091113783
