2.066749549278768e-14
3.1479126162326563
4.635136145684643
4.63513654460544
9.174983516371958
13.551639525657272
13.551645850909985
13.733059045028698
13.733059927114843
16.36645346190915
23.403837723990684
23.403839076707616
26.15704312856651
26.15704740362656
26.888470360656978
29.529691508313075
29.529697292394125
31.81232034687663
33.6282150005932
33.628218285458246
42.22351498841402
42.223525975978745
43.955541516177796
43.95556773364779
49.411093631608836
49.41109711140657
49.71857982974034
53.468911006377155
53.46891142146983
55.02008775906801
55.020104750574816
61.66088870586829
61.660908490521436
72.72662707305143
72.72663049320411
74.75056066485337
75.30319767955439
75.30323608288685
79.94360412830781
79.94360603118248
81.83770676367749
81.83771969643001
82.75124931892377
82.75127850356523
84.29786483157343
84.2978783407059
99.44072442718901
99.4407455329161
105.2176141926478
108.89120203062431
