-2.0923020260799063e-13
2.9287238349402225
2.928724055869898
3.0494757092402724
4.54789880427795
7.148226438257353
7.148227881519923
13.76286922729259
13.762869582748671
22.184889305285413
22.184904246362343
31.66596133389337
31.66596484084875
41.36361904025334
41.36363679984741
50.41619895608209
50.41622756879582
58.01935795099297
58.0193753933019
63.497524175147056
63.49753227189094
66.36394692992855
66.36395754288964
246.0209341658841
247.46215263399625
247.46215727851688
251.71346918313662
251.71347785118851
258.3780002090102
258.378004099941
266.8635564718162
266.86357805487694
276.4161863319228
276.4161902411463
286.18706521204774
286.1870797768904
295.308018574233
295.30804961373696
302.9686294426302
302.96864314750894
308.48818665413967
308.4882172279013
311.3762927827142
311.3762958690853
16851.075640623647
16852.089115148527
16852.089123971607
16855.039524405856
16855.039538892037
16859.66471975062
