1.1973061431191923e-14
3.4716037789649925
3.4716041494571597
4.823622011131359
9.557148558339552
9.55714998122256
11.198302263791591
12.936237473257044
12.936239998408775
17.094193415654733
17.824337785277866
17.8243472073613
21.751947753052065
21.75195100560869
25.539043975846848
25.539051619072573
28.20527461153817
28.205287453317993
31.66216334789857
34.38390743410874
34.38391550019488
40.814827172378266
40.814843557573575
45.13998328686572
45.139984511681135
49.37541976086637
49.37542389081994
51.26035654139343
51.26037513599979
55.72101493513612
55.721054045341496
65.84747891404949
65.84748973077106
66.03451768784409
70.3232130503095
70.3232188705355
72.95291829933326
72.95296464123966
78.24110414176396
78.24113996479059
86.94459741947439
86.94460788390668
92.51249014639305
92.51249501892283
92.51738282229466
92.51748556430452
94.24572505814693
94.24573969066086
110.22284852465482
110.22286874762146
