1.47121897997593e-13
2.9226781559879007
4.7791631962176195
4.779163196217625
8.776262294660047
13.63055681645617
13.63055681645621
14.132317963674954
14.13231900325087
15.628259074952682
23.69857755466055
23.698577554660584
26.149931225371823
27.550075774976698
27.550075774976747
29.794459211645822
29.79446209745387
31.460331316211693
32.99901538842907
32.99901538842913
44.945310036706275
44.94533402280264
45.838734691760195
45.96005409519578
45.96009652760713
50.41001636165041
50.410016361650456
51.08557276737668
51.08557276737676
55.12785528302979
55.127871842491004
66.4109756276476
66.41097562764773
68.74432716334256
75.0811834361444
75.08120095031515
75.75882062769416
75.75882062769419
77.62450194715893
77.62450194715909
79.74730963078906
79.74731237999477
87.863353798096
87.86335379809636
92.00718080035107
92.00722621134298
96.96547796127976
103.94354020314161
103.9435402031417
105.81445299104723
