2.31342722756267e-14
3.9221146174426185
3.9221146174426282
4.230755049275695
10.212416864092097
11.072482105221722
11.072487255760947
13.790229131856893
13.79022913185694
19.729462221709316
20.974627053181738
20.974627053181745
21.34520803369463
21.345208033694664
24.247914478928212
28.33848489724518
28.338494001114913
33.52164850693916
33.5216487873876
36.061290046763844
36.061317997136484
39.95150769780298
39.95150769780307
45.859187499853824
46.93357522647942
46.93357522647947
48.7759702671341
48.775970267134184
60.165638899762754
60.1656388997629
60.71107154180307
60.71108468800515
66.74756416825991
66.74759177752037
67.40937283986548
67.40937790073416
70.57273869957858
70.5727386995786
78.26546814088344
85.12860221117654
85.12860221117664
87.3962225324222
87.39622253242223
90.45472546349085
90.45472546349099
95.35127553746406
95.35132433992469
99.17452301461718
99.17453646138027
110.64582739227019
