-5.9310195643647035e-15
3.4571528238510667
3.4571536839555908
4.992020376578569
9.45144800420202
9.451448407724364
11.748100416368752
12.911121368220387
12.911125034792605
16.948408022257325
17.517604131434265
17.5176171763333
22.627430172340635
22.627435226073093
25.039051042704077
25.03905608526447
27.542408591719006
27.542427818149314
34.727929394156206
35.346527613694924
35.346534265057834
39.58943523511656
39.58947555965634
44.31578950014695
44.31579308678612
51.40312750788272
51.40314338535862
53.15359789333047
53.153604685584774
53.659712721978856
53.65977366895094
66.6358547485693
66.63586327295857
69.699583920503
69.69960864962233
73.39224345848365
74.34812125685771
74.34813641113485
74.71424792994081
74.7142513397306
87.6176581738489
87.61771034913852
87.80297230154385
87.80299830386976
99.12619945804397
99.12622348772035
101.04284559410783
101.0428573917338
107.29308143028017
107.29316022576819
