2.3651219871467788e-14
2.3078016691863588
2.307801779157581
7.119008530924008
7.119009569342628
7.952913263028551
9.36528902240793
10.722837907788861
10.722838741337746
13.773241051095086
13.773243119865272
15.0599172696079
15.059918427455356
17.946173504108252
17.946175103362677
22.362046794453622
22.362049540505367
27.930549562061287
27.93055142013652
29.379393013126865
29.37939518782757
32.86926034924673
32.86926140789122
32.96905909281834
33.187512970448985
36.79763171216918
36.79763489920106
37.72413486429802
37.72413727972898
39.95358347562495
39.9535867594508
44.70608298258674
44.706087517506084
45.25344548554707
45.25344758744146
47.93196684650466
47.93197148864391
53.86523983321456
53.8652413809323
53.982784326394096
53.982787864916006
59.46396094105769
59.46397222866194
60.67918348619932
60.679187362851025
64.52289357956728
64.5229004735931
69.61761601532166
69.61762024143296
73.69884614634685
