-5.483460907562687e-15
2.5425254566243107
6.825383062908146
8.86078090925688
9.768834087244313
9.909552902817671
15.831474161412892
17.502726158046034
20.553678040946394
26.178952802360012
26.902922041645272
28.01289102975712
28.77652552998679
30.48868813021162
33.32781542518067
34.76911003021492
39.00729450434046
41.00790302752521
42.124635248010975
45.5830563694392
46.502469547388095
51.34822310024649
55.50791709989309
56.325151205808105
56.54849198713374
58.59990715315155
59.423556198275335
60.16283173447213
62.46641686403397
64.71038470953832
65.05592978651062
67.52319769682266
71.53322696423551
73.08916754405188
73.10298445339
74.78312619060965
75.62807967263015
77.02047780558046
79.12317905449368
81.87818051350686
83.76677327454283
84.71878419193625
88.2595676530857
88.27631105859511
89.08341502184815
90.04722192173958
94.16363107263273
94.99929361904398
95.66621543276119
95.81979915499268
