1.1664280652468051e-14
3.398695200400446
3.3986958292270857
5.08761882782427
9.245926559162667
9.24592733100119
12.225258510053427
12.685916758894592
12.685917227135787
16.565982800260826
17.08508395098704
17.085090570704466
23.456440386968623
23.45644092850028
24.34075306470759
24.34076089466561
26.819551560345143
26.81957466417875
36.18527104517957
36.185272186397476
37.92467801762727
38.53881458879423
38.53884164886516
43.283395038032076
43.2834007689304
51.89041025718813
51.890423009179024
52.2734585474302
52.27347694435729
56.76738394416352
56.76738847512626
66.91814506710926
66.91814591516041
68.00471000984737
68.00472581695647
72.82564168842573
72.82565685890384
78.50069233051887
78.50069537284183
80.22936600855522
85.6825375843678
85.6825660674196
88.42370705201893
88.42372632730405
102.94989631043732
102.94990781440244
105.09876433650909
105.0988713128057
105.23453426996115
105.23456696038562
