9.939271627956714e-14
3.4084036916862095
3.4084036916863316
5.016908455414261
9.309449727747534
9.30945416513706
11.94679551430564
12.733576098420706
12.733576098420937
16.602754837059845
17.267784945768824
17.26778494576895
22.963766965451068
22.96376696545112
24.687864199613674
24.687871869070847
27.21587920791122
27.215890953487918
35.68547761094296
35.68548771855612
36.41987350765447
39.27572070743151
39.275720707431695
44.13825612019601
44.13825612019634
51.657311265452286
51.65731126545304
53.519917645186844
53.52000397392153
55.05544769503412
55.05544769503416
67.1186535156449
67.11865788831855
69.98169995331679
69.98169995331688
74.83091385460776
74.83093187947478
76.7675301486502
76.76754520465428
77.46913018498591
88.4799506341183
88.4799506341184
88.67225486261587
88.67237083996646
101.34798353242579
101.34798353242614
105.46797619636541
105.46797619636541
109.59038069183428
109.59038069183482
