-7.924216838262055e-15
3.4663763858124135
3.800692349159747
6.901354522838252
7.642600219523461
13.127361427007317
14.85223964541118
16.577415565098836
17.53153683580494
17.899936992141367
18.856819427793848
27.04683506447648
28.495091650918813
29.088569711555
31.19207036012475
31.970733294122862
32.27763723729338
34.48067328908671
37.5232441759895
42.24689387784237
43.76916740908652
44.11864095582496
45.200791408147644
46.990871965649546
51.65362460893055
51.79686199899082
54.011453914508785
56.068500498720276
57.791779198629044
58.715424724563434
60.480161244136085
61.393220774995854
61.79661470715675
65.40826247445376
67.92569867047781
70.26820723491342
73.16200193424875
73.72368953251376
74.33718435478143
77.7860983207163
79.1158008626951
79.48279213826693
79.74275611624546
79.8606410885527
81.76438185778797
83.63124898148685
87.77324120076075
88.62858675360918
88.83822105109998
90.23258328143989
