2.0331999972533765e-13
2.9520339379861733
7.934034627268803
10.752626564416902
11.020232230523582
11.77559518310155
19.474533897999347
19.947234885935202
26.360144568006778
31.624624847465068
33.9482017643298
34.22695926001466
34.70604274696584
35.017738941870576
42.933530501547466
43.752386475623126
46.82195949533718
54.07635936807563
55.09421304511407
57.382836818854976
58.60267771823374
70.84343121709232
72.3919246440344
73.21634686299797
74.31740836660897
77.47917507950312
79.00358167511743
79.71763888432821
81.28325277356956
81.89954034534163
83.60402673100448
96.31201157856977
98.49551583184838
103.082806005159
103.22153887699689
104.76437478197455
110.68167512049591
111.7167637451369
116.36201939735656
119.43640347034345
124.98956634470653
127.49124897339853
129.35448983549253
133.99726224241817
134.58814427883186
136.15529384149298
139.11605305427713
140.29825658917517
141.90273426937242
143.0397656986797
