4.903195904848445e-14
3.3956880181646647
3.395688670282554
5.092328197305469
9.246762945879084
9.246767821392707
12.27580819067165
12.677110166667495
12.677112296564117
16.532804749782926
17.11351974099024
17.113525057286154
23.584137004186335
23.58414085138875
24.40455823568524
24.40456743546461
26.9260621585107
26.926081826268433
36.40107004327927
36.40108016892643
38.55734647676254
38.80706349477545
38.80706472164497
43.65493477378331
43.65495057104135
52.26428978482841
52.26429751034661
52.82811753083188
52.82812642345486
57.59324904453271
57.59325592983798
67.63438278437805
67.63439172794357
69.0202304925662
69.02026500811586
73.9369114250598
73.93691819538058
79.64219201937271
79.64220876882402
82.42667764126091
87.3921340022232
87.39216957246119
89.35306107272426
89.3530640665159
104.51361490745879
104.51362670815088
107.93931235521755
107.93934191781844
108.12092843578263
108.12095855284029
