6.996139778614463e-15
2.258638409867249
2.258638409867265
7.09941955627542
7.099420887364186
8.637942666786747
9.965368423865039
11.265897665975151
11.26589766597519
13.666150824406634
13.666150824406756
15.003333263989115
15.003333263989127
18.27712945242079
18.277133314791936
21.97039673558492
21.970400624296072
28.108609393201345
28.10860939320146
28.76351442168004
28.763525143950307
31.89776287703247
31.89776287703254
35.59838761253969
35.77299270106598
39.09123495423282
39.091234954232824
39.7309340121471
39.730934012147245
39.84815583341311
39.84816081150515
43.273309134011015
43.27333059160964
44.66039577663406
44.66039577663411
49.355832892433625
49.35584914240552
53.14595554694528
53.14595554694543
53.35400966065036
53.35403333183665
55.88933681956584
55.8893368195659
60.65876091900547
60.658767647021655
65.10821653006597
65.10821653006607
67.78777102986132
67.78777355176759
69.51214334578295
