-2.6265448149764836e-14
6.866088795664923
15.11802548530005
23.57640053879191
32.535455884311006
38.28094321107812
47.57829538599706
56.04394049456973
63.25290290118699
67.9881493914113
77.8847924059525
82.46924313127064
88.7918896894943
97.93836443357557
98.7441651606977
108.25357030902899
115.72407035791198
123.43929841789247
125.21107722215153
130.69235505000503
132.93902039288926
141.26059574296363
142.4255084152548
149.05970607633319
152.80492977695195
153.88805842406322
159.5885055341487
159.84723915870262
167.5896182316023
168.86089211911604
187.03648704469342
197.26744447546352
198.22741265111642
199.31636479957285
200.83871824793223
206.54003728914017
207.46692075094748
217.7244683064312
223.06737753041082
230.94648331896462
238.5138525124567
241.62089403590272
247.80192383373196
254.25743658525414
256.8662830484431
261.34266287708687
270.7121024784101
272.1818981148587
280.16075609687357
281.8139678194873
