4.006170395420838e-14
2.7431857792839924
2.7431857792840537
2.93455012150298
4.320133947652697
7.039370238741661
7.039376872735823
14.166237930176303
14.16623793017637
24.073852168601174
24.073869643517522
36.69286525782739
36.69286525782749
51.93491276262666
51.93492385636453
58.17534505513398
59.5737949232649
59.57379492326516
63.99368174719441
63.99369969626587
69.6933736635624
69.69337366356258
71.32655419044056
71.32655419044065
81.5221707722045
81.52219754214984
89.84404181985134
89.84405096424358
94.51078347577757
94.5107834757776
110.20343356783337
110.20344534769
112.24611620667535
112.24611620667555
128.4927357974543
128.4927357974546
136.743068904117
136.74323536325414
149.25348330310462
149.25350013054967
163.16425123035054
163.16425123035094
172.34362316848188
172.34362316848197
191.3250926110579
191.32547320531498
197.605032837543
197.6052073303885
221.03022945392945
221.03022945393013
