3.340140664054303e-13
7.998249397366079
26.47777118725708
54.6274924528999
91.04474195042819
102.23110331809994
135.71573929984945
149.2149280782208
183.09886142905603
187.53016902523123
228.16985319172838
238.78027243833876
264.824024140337
294.38208836403936
309.793249055542
344.2689877435551
350.2467860608179
372.2991613559565
393.29037895850604
402.7362432605516
429.8349003765557
451.8450212779061
465.29461041232616
476.4155540683906
495.0748250547998
508.03002934460756
530.8469396913567
535.2131037594601
554.7770375477819
557.695421529455
574.432714727714
581.2963251436378
598.0543782401164
612.026064050653
624.6602693687191
638.6907970000573
668.0701346952146
684.7196826847058
686.0431440752753
743.7798721642465
756.8047082066876
758.2965579158048
776.1956042638934
803.9145069913837
861.2015290978444
877.0296291804943
879.9843652363161
880.6917379281383
934.3232042385342
967.9935503174197
