-1.3489209749195652e-14
6.960337115613083
17.154384731419846
23.374028954684555
28.872261633334862
43.76077040867151
48.42029503845408
58.33912558767213
62.847257621452215
75.39594616821726
78.07162895971705
84.88804645347655
98.87933149394286
102.76250426699497
117.06066729240456
124.04805708513669
126.11705393501984
136.89522061886348
145.47088811937334
147.92561242605728
160.43862456529305
161.83882662948776
174.31081403597327
182.03456578539218
187.4668652062177
196.97353420214515
211.24328980085778
215.10468743046684
217.11074396479898
224.92947197451562
237.1123921181351
238.31031468785633
246.51988328419117
253.66520354387262
261.8142163938015
264.334726805132
272.40238602929105
278.3262399573323
292.5524894545192
300.717235633222
307.5636154857027
312.6328028394882
316.87407804723307
325.3471324472014
328.02465180619356
337.8636123808391
340.87722646509684
352.67558273315905
359.250348937344
364.4010748260048
