-4.65599780952175e-15
3.0393832870848487
3.039383812836355
3.261011748977359
6.456552019624851
8.49751508845664
8.497515444669572
12.006252744632839
12.006253908021227
15.462503176123496
16.86199586430123
16.86199953408362
21.859938010498137
21.859939709861777
28.14793029320382
28.147931962184234
30.53354409749329
32.49473141098828
32.49473369384408
35.45618134476425
35.45618292446233
42.32293553004596
42.32295498874875
42.97347835359165
42.973482049137544
51.35291156482542
51.35291347058204
59.29649750983
59.29652641557521
61.22879172828072
61.22879243085237
68.6350355768909
69.68824258307865
69.68824838861124
71.22853533563833
71.22853836214107
78.94317563986495
78.94323688561155
80.07303531776986
80.07303571254687
84.17489591692326
84.17489841629072
90.54283499833933
90.54284900953763
96.18489144663457
96.18490697553224
101.11041579037347
101.1104432392721
108.55448838082668
108.55449617503677
