1.0059661437189504e-14
3.135921530062522
3.135921530062549
3.3719379148967086
8.335595196889797
8.335595258488715
8.885664754012977
16.144859197550158
16.14485919755017
18.894525166950576
18.894525166950604
18.98746946913951
26.50490793994163
26.504910905520944
29.585379638889954
29.585379895881204
39.45352292645213
39.45352292645223
46.065414288824996
46.06541428882509
54.9709778912526
54.97100024129906
64.84291251725324
65.51055517397849
65.51056072543209
67.32570810332783
67.32570810332794
72.99206341225675
72.99206341225683
76.17442118826054
76.17442356270308
86.15957784025225
86.15957784025235
92.38701528009226
92.38701528009246
93.42326433667442
93.42332488787784
108.10255034634496
108.10256134449773
116.15149124994724
116.15149124994758
117.51413061874646
117.5141442469804
131.82545398014128
131.82545398014136
141.04751180218966
141.04756561386137
150.84402714092946
150.8440271409295
157.54783906298815
