5.464378949326942e-15
3.416078900599929
3.4160792460974965
5.181082205071722
9.235310968885056
9.235317491411958
12.512131237971005
12.742083528249061
12.74208457025534
16.77445289835912
16.936725786957275
16.936728875255792
23.974781419543316
23.974783760130848
23.97714070936342
23.977144023235876
26.32742661732502
26.32742699471122
36.79280306781874
36.79281488277783
37.381984627874914
37.38205223401351
39.34880760886562
41.671087092364175
41.671098334524366
49.9865951760001
49.98659573405284
52.28862455508671
52.28863744566096
58.60737207168039
58.60737882936682
63.94177458170648
63.9418047795225
64.39253170762197
64.39257329310486
70.48545228246776
70.48547058606
78.96555597512155
78.9655773907878
80.71082536975702
80.71084917975293
83.68132899791885
87.64995914980403
87.65003685363965
93.78435608228946
93.78450365178418
94.6470768139607
94.6471266327575
105.35258664328335
105.35259931641312
