2.3984286778855335e-14
2.601868096285483
5.566989414208783
5.566989414208786
8.261636171933034
14.435195650329469
14.435195650329478
15.300802487353865
16.676753899018998
16.67675539086154
24.41432515890084
25.67342861312909
25.673428613129122
32.53204120121941
32.53204120121942
32.567871434626404
32.5678736609267
35.094161676190595
35.09416167619065
36.000992511553534
41.728152443118184
49.65083515653335
49.650835156533454
50.940991116509956
50.941029986547356
52.686540184158616
52.686618401405156
55.83578414151895
55.83578414151905
59.35010563144631
60.98846437006375
60.98856089317217
71.28177994177842
71.28177994177854
76.7842066829044
76.78420668290448
80.50745161854003
80.50746464043151
83.0103258195645
83.01032581956453
83.11278255583103
83.49195105707098
83.49201576029185
97.87601373331735
97.87601373331744
100.05670754247687
100.056707542477
104.32439471162887
104.32444680383038
109.43950477840404
