1.2333883914195098e-13
3.625980457043263
3.6259804819143326
3.949979317849588
9.472748487443518
10.229328942762914
10.229332877312599
12.731948887857138
12.731949157178827
18.0684254164119
19.383776772370037
19.383781624789382
19.715663379015687
19.715664695573164
22.166644675276643
26.06485827200073
26.06486508403868
31.01909418176166
31.019096813968073
33.25468069535636
33.254695787347465
36.134759473499834
36.134760206480365
40.28202979993507
42.901561858611124
42.901565217662046
45.23478277931144
45.234792396361094
54.33108030167055
54.331086945789494
55.87558207100585
55.87559984801554
61.376574674785275
61.376579265812204
61.46013104363287
61.46013282011567
62.092693600601145
62.092713808504456
65.22579041511189
75.5885886608806
75.5885925288154
81.61928751024803
81.61929414123875
82.20172210972139
82.2017248866675
85.18847241856885
85.18847892744023
89.30244610626693
89.30249107004927
91.56596697537228
