-1.3461454173580023e-14
3.42226234177857
3.4222629950629853
5.03620966242458
9.337426242889906
9.337429757676055
11.97863193549098
12.783134816066644
12.783138209456109
16.69960924410401
17.292705722914878
17.29271050156861
23.01235648124726
23.012362112660444
24.69694805724297
24.69695015055431
27.195076769612847
27.195092268858726
35.73951149307677
35.739515596270664
36.357246177285454
39.1354706854869
39.135474522523594
43.934131245784336
43.934145456510905
51.639100798678825
51.6391069484279
53.1476309327633
53.14767162399224
55.00652038801697
55.00652832014714
66.94558499418561
66.94559068355893
69.21729768918047
69.21732785692504
73.94840365312214
73.94842589510428
76.69979406348735
76.69980371472492
77.09859535940716
87.29976844857346
87.29984382866674
88.26588691559103
88.26589345584036
101.20899017020227
101.20899823544616
105.06287878691441
105.06289187545725
107.32889492006247
107.3290186324585
