-5.540706782269922e-15
3.406642367084558
3.406642367084561
5.081958485398933
9.260594858315674
9.26059917755378
12.175329215739849
12.719562673759162
12.719562673759194
16.653337337040004
17.084983436423972
17.08498343642398
23.356407403209676
23.356407403209683
24.319647721760397
24.319653826029942
26.74959269007255
26.749606603944567
36.088516415100095
36.08851932855215
37.61174397134818
38.30120520134531
38.30120520134535
42.93558806353535
42.9355880635355
51.71769938513467
51.71772050704133
51.746220547644576
51.746220547644604
56.49357979566661
56.49357979566662
66.36029679774538
66.36033901298313
66.91637797541843
66.91637797541846
71.80049683755261
71.80053384385253
78.35428230949255
78.3542928097872
80.06595657507908
83.77077277517533
83.77077575495626
88.03955848531497
88.03955848531507
101.57181010826773
101.57181010826793
102.117354888624
102.11735488862413
102.93020941116981
102.93020941117
