-2.088954009771271e-14
7.411961787607053
23.281255660014008
30.311139186412397
46.97230986516467
52.55793860732364
67.37500201654112
74.28353320878183
92.53057807226128
98.52168870564027
101.16976014344444
112.60569512655505
123.30546470264218
132.72340758317307
140.16084915137495
143.0725189155006
143.44030093637798
151.2045263836507
163.21386018860156
168.56109195036763
170.26629712630216
204.58246161608332
205.76566184449496
212.07847616539226
216.09084305357416
219.2202971235056
256.82856950440555
262.5287210184399
264.25798342184663
274.2107290618894
329.9824415842901
331.713001871949
332.7179536743511
334.3148685424948
338.02353889121827
344.6743339126183
347.45117338633423
348.23701999105276
394.90092488877184
402.42540954181203
413.74347847176045
435.457357013914
458.06955888311785
458.68842428177
471.8920433121203
476.41367865233025
492.07636831035546
494.884308649971
514.8877723637788
521.2408582666935
