-1.0364972768961422e-14
3.5424435418480478
3.542443541848054
4.757885868718425
9.784106667667656
9.784112640820997
10.980434149142482
13.146318833262276
13.146318833262283
17.613858148019467
18.275231538915857
18.275231538915914
21.505846035088513
21.50584603508853
26.117986354516194
26.118011496452255
28.92411653296639
28.92414026271298
29.970310206887564
34.27683871604523
34.27685724200801
41.81461888966344
41.81461888966346
45.58397632083466
45.583976320834815
47.467374436438874
47.46737443643896
51.92576562362714
51.925765623627186
56.97722705645172
56.97724628740446
62.00806715267142
65.83871421775315
65.83872495662713
68.3583274848395
68.35834273189982
74.39574457114323
74.39574457114324
79.8455002683415
79.84557496390816
87.05711797005712
87.05711797005725
88.19709106385679
88.19709106385703
92.29888986712372
92.29888986712375
94.0234130734817
94.02344095700258
107.74650302429043
110.46457784267513
