1.2850831510036187e-14
2.0721846283677046
2.072184730457993
7.071570955834698
7.071571251862276
11.2381962318824
12.360059693202091
13.4793433272383
13.479344220302428
13.858520903302722
13.858522717621245
15.900695948604536
15.900696909030014
19.8265031314839
19.826503368599628
22.314021084327944
22.31402261977935
26.83192472506896
26.83192560935979
29.389053204714823
29.389053939231022
32.3768915805843
32.376894299630095
41.27805908298823
41.27806108558605
43.311430695109095
43.311433035351925
43.89938947461964
43.899395031076196
45.88054313817768
45.976048342888234
48.589170919784635
48.589173071217054
48.82484636092671
48.82485025622287
54.91241671824461
54.912420763880526
56.6864963781761
56.68650018953238
56.69331603271274
56.693316489808375
57.776148379466385
57.77615042376177
61.49848791910212
61.49848885218551
69.93760629987989
69.93760665961938
69.95269468593321
69.95270132683692
70.51400506541191
