-1.1520298603961976e-14
3.3916962420862466
3.3916964681586292
5.097154842149052
9.221431858548355
9.22143299100063
12.285653459737297
12.658008931819134
12.6580096380003
16.53757107112836
17.03274643601221
17.03275068860331
23.5819059528617
23.581907670697284
24.251976757183915
24.251976873678288
26.729099534485346
26.729119666430343
36.336620631501425
36.33662215012378
38.400466811630295
38.40049227938437
38.45863860865517
43.12902073057142
43.12903509086364
52.034558203691006
52.03456071436073
52.07774234744542
52.07775291098992
57.417411422554885
57.417412330642016
66.97047641126424
66.97048527891488
67.74241412052842
67.74242999742916
72.65379413998403
72.6538075851184
79.28827240833805
79.2882748144263
81.72109439076225
85.34476591903521
85.3448288143575
88.64917856150724
88.64919532977028
103.88517550417784
103.8851840542748
104.61066323184191
104.61066453770049
104.81282630055122
104.81286850736655
