-3.5637465201077134e-13
2.3648730317604025
9.09982521521069
19.181367023301824
31.08078302848001
43.00377169859561
53.18584705464544
60.25205731374214
63.76426905199826
162.85937691149812
165.57556864588025
166.62721002586224
172.29010195558592
173.89131470022622
182.4755016736812
184.22661795223453
194.70701680771683
196.2832039102366
207.18378988372507
208.30068070000664
217.96073143417237
218.48727190751794
225.2582741491256
225.41520736927083
227.1748953737237
485.39361443902106
485.3936145415132
630.3948562614393
635.8364233148106
644.5832342977149
648.5139746990806
655.199710412666
655.8589637534653
665.3592449989598
668.3406774331282
677.5729462141915
680.2689405471582
689.4932172461646
690.0354556775171
700.7889266906928
707.941014066661
709.1140251225377
709.2996085752757
953.2760837670759
953.2760839131353
1360.4307141809988
1366.5314661985706
1376.0224105228317
1387.8220337114274
1400.3868471995831
