3.2127078775090467e-15
3.727329562793203
6.208211429580529
6.208211861666476
10.840993355636227
16.996759912956033
16.99676018208321
18.24416797544994
18.2441684754539
18.971376949571365
28.487994996171672
29.16437102347105
29.164373052259727
35.240927028657914
35.240941456712505
36.11119227280238
36.111194276260804
37.56708292249141
39.446544995101384
39.44655241140696
42.906133662052696
49.76772610413421
49.819440794053236
49.81944966942541
53.62977385541328
53.62977930166576
55.572457423106194
56.767740255469214
56.76779688184749
59.10924041840784
59.109255775253864
59.94068418327226
59.94068834540551
64.58442539300384
64.58442647734606
73.23510600184522
73.23512432888847
81.84400784117096
81.84403323184094
82.57235312430582
82.57238484077064
85.4329013018698
85.43296017065111
107.26079249066812
107.26087280680068
112.32755920186854
112.32767269757494
116.20477446660895
116.20481862326236
118.52647468461662
