-1.0803857808383555e-14
2.182779481243583
2.182779537328681
7.122211496871584
7.12221209325887
9.647151516745112
10.86983776360522
12.091505811519927
12.09150585478534
13.818079177844284
13.818081607364368
15.149868818730571
15.149869136483138
18.82954951955063
18.829549976470766
22.280453251410794
22.280455777729607
27.77334174873327
27.773343061771524
28.633504916882412
28.633507220369832
32.45192832098863
32.451929764741095
39.434320987161584
39.56677173294749
40.578400728633994
40.57840535690025
42.53549468303525
42.53549490370394
42.93945719563405
42.93945832050655
44.20577237690417
44.20577295052036
44.40097736244599
44.400978537954956
51.76718174101551
51.76718326003068
54.021527826954376
54.02153108322297
54.23950694073501
54.2395097874482
57.383227363608846
57.38323427120513
61.36208204772152
61.362084645765336
66.50043688354998
66.5004377398248
69.40605014279515
69.40606027359492
71.80272195047577
