5.652422974122828e-14
3.4435786081226536
3.4435786466604017
4.982114728808421
9.42883187483579
9.428832245452911
11.749766558423675
12.864112728567447
12.864115494813205
16.81735375517532
17.518933554875385
17.51893579306875
22.636573791926423
22.636576776174998
25.082914129575588
25.08291738191303
27.644685631253367
27.644712944734486
34.96067184631431
35.37545901067794
35.37546056506517
39.92450063279354
39.92453280758421
44.74631666373042
44.74633824923494
51.60952422209342
51.60953047764119
53.39261991687562
53.392621794424
54.42761512450883
54.427648847363905
67.03335838877844
67.03337161321839
71.18327355231031
71.18328299758352
74.01837775207582
74.97605777640348
74.97605815819814
76.12253232445872
76.12259299789903
88.3551970911366
88.35521830112255
90.19823106048527
90.1982590217468
99.48153972130825
99.48154244214143
101.69160807472352
101.69161003623434
111.46565469263157
111.46582556290795
