1.2410905636528469e-13
3.0384663309537094
3.3124387247778233
5.249443727910403
7.244494890188501
11.269359680155965
12.685399432801429
13.414299019917454
13.432210589842525
16.98074425800683
17.701166508035985
20.35121394325395
25.296185033241947
26.17084690212371
27.58062624472341
27.70130599803133
28.143139237626787
30.310730218034593
33.04184041362805
34.31078483435174
37.81160252080071
42.56305218194813
43.28562899488566
43.743133416438795
44.662612843479096
47.34289379708347
47.391069124614106
48.162031107919844
51.75844046814763
55.28120831120237
56.11309756456515
58.0969647970677
58.421985193969604
60.58615792779039
66.76247642941328
67.10067270313716
67.55263576499277
68.6691037129967
72.47324541074165
72.92430570423882
75.96722432279897
76.57017259104144
78.26940084648608
78.6613224784685
79.55702237055358
81.8405828899856
83.67265856614969
88.18776614007895
91.95101741536429
92.26782514528747
