-1.1879386363489175e-14
3.6165876567756823
3.6165877687298735
4.618317208164009
10.034016502966109
10.034017476176393
10.662850906778715
13.301733617913774
13.301735491179251
18.211582380778914
18.78100480489814
18.78100585557508
21.15604736680848
21.156048674494535
26.64383200794662
26.643832668733953
27.756120134685702
29.73435794992168
29.734383969431565
34.09546482851114
34.09546502640016
42.93598454342043
42.93598729554782
44.795820271273485
44.795823256950285
45.656627227535054
45.65663678445401
52.84027755530834
52.84029123098575
56.51524717286329
58.36618018525065
58.366183420570536
65.4283334028891
65.42833419716979
65.44175250253853
65.44176814007353
75.94831896639887
75.94836335200857
81.60817144460984
81.60817175609614
82.05466941981064
82.0546718432853
86.69608789086311
86.69609128245621
89.17573255078848
89.17573414526115
95.56407037050226
95.56407841957476
97.61948762099055
110.11319850419356
