-1.0845491171806998e-14
4.823122043796065
7.173217063736974
7.173218307446301
10.646523439637608
17.149458671464338
17.14945947057234
19.429889153540824
19.429909244831226
19.488175041850848
36.139343343563546
36.13935284423182
36.18590392476782
36.18596716274834
41.784037774369466
47.11397826621332
47.114015305427394
58.027906002370635
58.027951994829394
64.41453680200497
64.4146235301816
85.0212568646727
85.02137540259027
96.13290136081932
96.13305864101824
112.00689603639586
112.00705365697874
116.85451616163229
116.85469663513886
152.993704066185
152.9938038246794
160.93194301938186
160.93231640288
175.65479180100795
175.65527605374635
192.70553411405456
192.7056099603055
234.98843256924366
234.9884926070901
237.64615199801352
237.64683079647676
251.2951038233508
251.29578734003854
278.3428794691759
278.3433478785656
320.0955305395833
320.0964050802647
321.78876460645586
321.78932563531544
334.3796125897499
