7.452892469839156e-14
7.767775484287174
25.700478145046155
51.86247654248339
55.339703275454774
84.77198868757883
88.98798069211534
110.98312500162062
132.17923690019404
142.2336383763358
169.0120448170312
181.01216784208944
196.61115202741092
205.77990792216218
232.2121667173965
238.18018696291486
250.4495621130963
274.5052763447465
287.57585024283674
297.8333474754488
309.16932456167126
342.3609303597574
346.472030151226
354.3917662812599
375.15298470693403
392.1079712225692
395.99493817614604
419.14754158639454
426.31928236122667
445.52859183123365
447.17204426844717
455.7782628972254
488.0198440713621
489.70800389927405
492.99738196602334
498.4808350440768
510.97051530465563
527.4983760364296
553.9912343558132
554.7792166450593
556.1769276580675
563.3629148872836
568.505572694705
575.7070215362322
589.7886131166127
599.8018667975286
608.5244258716903
612.8619603688045
640.6258177781385
647.7654298794639
