-1.8263168755083825e-14
2.250177564198152
8.597281124439824
18.667954462925724
19.61738615870177
19.61738615870186
29.915497922223558
29.915497922223743
31.29799715850572
40.9994133616124
40.99941336161244
43.60380730745811
53.54036448040784
53.54036448040793
56.29850523070878
67.22916260666615
67.22918649324177
68.43362112760069
68.43362112760079
73.64204603689035
85.98025854282476
85.98025854282487
88.06267184582522
88.06270181768829
93.6846744047196
105.71314985483737
105.71314985483778
108.2632295356501
108.26326333698864
114.60939084029229
126.80597714038497
126.80597714038517
128.45904366157654
128.4590540144859
135.31296582687642
142.82417096317684
142.8241709631769
148.29962816192702
148.29962816192713
148.71741180140995
148.7174396859037
154.93633735696534
168.98419474308324
168.98422612477094
169.1929529009136
169.19295290091364
172.73800949012505
174.4987680158285
174.49876801582866
188.0209654508792
