8.57829432487911e-12
4.174469254309175
13.848193710379253
28.66598069046795
48.149521254279556
71.69427431726518
87.63115933593106
87.6311652774625
98.60302790089067
128.12452729180413
133.15338185841745
133.15339186478735
159.48801399667417
180.26697577204237
180.26697798873082
191.92327177424366
224.65939330353532
228.86608561920698
228.8660905228436
256.9104070695227
277.94123135715813
277.9412377690777
287.8669944530017
301.10351341246997
301.1035276135576
316.69703920850446
326.19732933690295
326.1973473353366
342.56028639376177
364.6126403283011
372.18521278256793
372.18522192626375
381.9785183553811
393.5967871357653
393.66628263152666
393.6663026608757
410.7594784222459
414.2312897738188
414.23129472434846
450.65861118409407
450.65861238685153
465.6030763408531
477.0228094829641
477.02282614520607
485.8792997238449
485.87930165790135
534.8335733313709
534.8335740184227
551.0437601226023
551.0437822637704
