-1.2177758801357186e-14
3.7571914412783722
3.757191441278417
4.20792834648635
10.014040494300453
10.577536474671854
10.577543139571711
13.36481882114464
13.364818821144658
19.00924472796081
20.014029697125224
20.014029697125277
20.677831431547656
20.67783143154768
24.013522623126697
27.390511114817333
27.39051738909153
31.98462907872614
31.98463660326178
34.62392609753572
34.62394490361475
39.693490826082446
39.69349082608247
45.53017568937522
45.53017568937531
46.38434462638646
46.57852751326784
46.57852751326787
57.427853690411084
57.42785369041115
59.82094640991576
59.820960680843896
63.84014392596916
63.84021490901908
65.29156863159551
65.29157703033373
70.49379173154618
70.49379173154637
79.10691280775804
83.41550061323906
83.41550061323913
83.77246624230865
83.77246624230868
87.49773195920105
87.49773195920115
91.38705743524429
91.38710661159686
98.20765853391123
98.2076761647746
106.35116904497636
