-1.1761425167122752e-15
1.8864133007244424
1.8864133266466543
6.9134318412796665
6.913433837535353
14.090751171300607
14.090753876819212
14.64112345118313
15.602790589877847
16.603021242912508
16.603021418175853
18.29058327258686
18.290583326504823
22.34043068150026
22.340436069632336
23.075771036784207
23.07577366652983
26.71881358850822
26.718821943801174
31.45432849545159
31.454333398822204
33.87186648272713
33.871871716628654
40.9903167002367
40.99032228506315
43.424935460843216
43.42494049661598
46.48414893712778
46.48415809316964
57.77308107336329
57.77308697386609
58.56451702641895
58.61824823594488
59.762088330252546
59.76209336213274
60.79252113281451
60.792521147583486
60.87612566362445
60.87613067075464
60.89521130863586
60.895211326384654
67.49064839474505
67.49066878411142
67.83969118883672
67.83970953031665
74.15697725152413
74.15698888379055
76.9860981969742
76.98611146990666
78.65927737542927
