-1.745131816832668e-14
3.7604636337502364
3.9774870484285496
3.977487048428586
9.567398881378962
11.365459115442656
11.365460993570727
13.323941324337715
13.323941324337811
18.31670385015944
21.001069144038116
21.001069144038222
21.712261189111654
21.712261189111672
23.183425866413607
27.664030815153716
27.664032511390605
34.94503989818256
34.94508449175759
35.475403931880074
35.47540393188028
36.90559875937823
36.905614261704976
37.50388334327935
45.52690774081195
45.52690774081196
51.1660611741697
51.166061174169734
55.057262925517065
55.05726671987977
59.858095157870636
59.85809515787076
61.719053330040694
63.65576542771448
63.65576542771466
65.8685042073866
65.86853541489467
70.44102679581026
70.44114451212562
78.46232045870065
78.46232045870084
85.91324412538154
85.91324649843729
89.13161644005746
89.13161644005756
90.4957399280912
90.49573992809147
91.36788053647719
92.80000268818048
92.8000026881805
