1.5525775109992423e-14
3.0285047656048207
3.0285047656048283
3.2888694965869325
6.720951030486301
8.39645799303127
8.396458033125484
12.616568333394932
12.61656833339494
15.695957440339802
16.576086845203054
16.576086845203076
22.52384542951955
22.52384986516791
27.551220710895578
27.551220871530262
33.47098088036442
35.597563429723266
35.597563429723316
36.32517287952639
36.3251728795264
41.25845632047369
41.25845632047372
45.82678979374074
45.826801165339
52.2734168122377
52.27341765873446
57.5643050728306
57.56430837370778
63.97199294513451
63.971992945134666
70.4036500589336
70.40365005893382
76.29136455399241
76.29136455399257
78.48576248805041
81.04563456719914
81.04563456719916
87.67613257641499
87.67615846098651
89.58818696748385
89.58819180593963
90.82611865081192
90.82612115865612
97.22881895818433
97.22883417840544
104.94076886356
104.94076886356014
113.00477111152871
113.00477111152884
