1.7832957333041577e-15
2.870499550101938
3.483054513580579
3.4830552337023812
6.089489483564267
9.864569824565704
9.864570971347561
10.224935135082017
10.22493935884312
13.756706284301712
20.477897490700517
20.477902287809915
20.545226745090556
20.545229152003905
21.792298828153328
21.792301737458335
23.245210139015725
33.88706344058111
33.88707236173477
34.642530385133185
34.64253484849124
34.879173058563985
34.87917348536806
39.722853585417276
42.37303232905955
42.37303351980756
49.902965038022856
49.902976027245046
52.064304795749166
52.06431374033674
53.450861378827675
53.450871004069995
54.727996189785024
54.728000499807095
67.83815292647739
67.83820702037026
69.75338646959422
71.55579863608523
71.55580723574086
73.03946309403793
73.03947080394846
74.92486267799427
74.92487045743577
75.99455899228658
75.99461666687938
84.31654928492851
84.31656411755546
86.91370013817739
86.91370835399472
92.64670317121725
