4.8704096311524836e-14
3.4466947560204235
4.181756198613359
4.181756991086741
9.315269625112638
12.08542699978421
12.085429301632653
13.335616978241852
13.335618723472743
17.22867179529662
21.673547487294474
21.673552855587193
23.245161810262594
23.245172262015867
24.46549688634248
28.109356746529464
28.10935832300084
34.04738138537066
34.04738554126712
34.16188682495446
37.58133268626142
37.58134904317697
39.42425733125607
39.424265688994616
46.591796549966425
46.59180406575287
54.26903619160632
54.269041972224834
55.186772403181905
55.18678236851374
56.46318172399826
56.64422963434772
56.64423566954499
68.10172975799756
68.10174064184264
68.83452798902046
68.83455788565095
76.11788424831154
76.11793788478123
79.09109008973869
79.09109365383316
83.82386364406179
83.82386934487837
85.30148636255596
86.16216303302126
86.16216923401441
92.9230898007848
92.92309715700225
100.39340135472975
100.39343427109412
