8.267692086505463e-15
3.410858712914768
3.410858846500125
5.112531570045127
9.266458347761994
9.266461454234472
12.289621414004436
12.732441280352996
12.732441883551548
16.66753814079198
17.090540115241016
17.090551346454212
23.57716199002929
23.577162833097596
24.31433382755713
24.314345097862244
26.756550978690456
26.75655508098736
36.36821748461504
36.368226470956195
38.27301695066105
38.3172639438282
38.317273831142664
42.96062977310398
42.96063192655044
51.75741583693233
51.757416952896
52.06485688894045
52.06487364294864
57.301593389864856
57.301595324087536
66.63546572409273
66.63549435234918
67.00220956844205
67.00225690349164
72.01425552563926
72.01428460109304
79.29810557470536
79.29811909965491
81.5612057060413
83.93474764134866
83.93486383863915
88.53374261597777
88.53375153572783
101.84876767570312
101.84883841505663
102.40324217643749
102.40325543752333
104.01054546038183
104.01056789505068
