6.85503737107851e-13
2.5236471683984663
8.412073913000297
17.536165353861243
29.72393496985089
36.83794838043354
36.83795354922551
44.74076777630353
59.550603271822396
59.55060910881842
62.28715782681822
82.00346130494772
84.57872793802537
84.57873196937952
103.4973937737693
112.04513813068833
112.04514939723138
124.41949360546386
124.41949955122193
126.41929823456469
141.71172883492082
141.71173680637907
150.56779732081222
170.44347779576194
170.4434842087374
173.19122076741496
173.1912326703667
175.9025134543342
202.38259599241889
205.9766611585252
205.97666679029894
215.94327240074875
215.9432750405948
229.79673108206637
239.43594197419608
239.43594679627927
257.74415468311855
259.8274505461493
259.8274873045248
262.0284440360158
262.0284515464162
272.8368987054328
272.8369307994179
285.674470319199
305.5689470742543
305.5689834899697
308.68017406124477
308.6801887246099
312.8291286267024
330.8244388684964
