1.0175714437732353e-13
2.265760259107608
8.971660758674743
19.84959847367005
34.472792219571616
41.67910253137587
42.379432311414654
46.14211758117393
48.47080173456812
52.285230484537394
54.16504101043642
58.514960313467576
65.96590164959413
72.30826411077554
72.6401783795226
81.37057363964684
89.50991534323467
94.84199601506586
99.91137994342495
109.62751168276583
118.18113461897333
120.93258363524843
132.0243230838495
141.94795729002675
143.66685181201603
155.94383225529236
162.71120419779498
162.8524215112114
165.48127976440537
167.29598438887598
168.5602096241022
169.18727670470244
178.0902883428902
179.80551119422023
180.54492412150785
187.77909059206524
191.00340274417945
191.36417730029262
194.4868964770295
204.9420326594633
208.1235017351989
208.25145347396935
212.82365817466442
214.01657899941884
227.16572548848976
227.9182344218209
228.2464778402106
233.17447879107212
235.63255372860147
243.09901922462618
