1.2872411470077338e-12
8.003815814242353
26.745150952007638
55.96456891906294
95.19370867539952
106.16324031713681
144.7701018747792
153.24610064264544
191.95123024241448
203.71030204114496
236.3716906358338
270.2595453282464
278.8054254588932
326.08150343714516
346.33772023504275
369.3248573706115
392.5108752942028
423.6221944705755
429.65192656990996
473.0882720271077
482.88732440017935
519.6084201726292
528.8987713576594
563.5181138954617
583.0553183702261
615.4458528477711
641.1427036110385
645.4394072804563
694.2967459020041
716.2226570460709
723.8743991665499
760.1624768286929
804.5619350415171
814.8124971443752
819.8396033709458
843.2285283410481
884.5202065142564
889.557940915999
929.0957109037552
942.6935864558933
965.7932506480981
980.8933826848322
1013.7182317102689
1039.133454630383
1042.8918315967999
1071.371702559125
1112.4227333067877
1129.918799932874
1145.8149225928316
1151.5049696371184
