-8.677086826835989e-15
3.4020370695948294
3.402037069594851
4.98376351262607
9.292964812178608
9.292968465595413
11.822936968754643
12.707211908587686
12.707211908587755
16.590222303257626
17.231197813957152
17.23119781395717
22.72319476926981
22.72319476926998
24.631960620634256
24.631980376374745
27.13699194987816
27.136999835426117
35.33900731638064
35.339011917625385
35.60162553322025
39.115941142855306
39.11594114285538
43.90527352646426
43.90527352646434
51.20204976964321
51.20204976964331
53.220940691405936
53.22102838611524
53.98749808767502
53.98749808767512
66.46404316429809
66.46404833107984
69.46161452318093
69.46161452318094
74.21442130788809
74.21443433234465
75.13272903221639
75.37702736705896
75.3770389684754
87.5512599291308
87.55125992913095
87.82146645430336
87.8215062635541
99.57079476720688
99.5707947672071
102.6152181645562
102.61521816455645
108.26726484629151
108.26726484629154
