-1.439294863847529e-12
8.146964383000629
26.965045675322827
55.628496963876756
93.00574931455995
137.65129193841486
187.86699566896345
241.7711139544411
297.3745280147326
352.6502552212863
405.6014721458515
454.3117344740301
496.98982092159576
531.9861673902801
557.748765213275
572.6826877933812
591.1797452905043
595.4433958949621
717.8994727275692
811.6619685696846
906.1905015544032
977.5958470248526
1065.6552487839454
1099.3251211317063
1210.659691596882
1213.3882953398293
1373.8415865467057
1375.6731712735725
1588.9224128661044
1591.7421130707776
1880.8779755918274
1885.181841215004
2224.4149263200698
2289.397465209508
2296.2862357181043
2491.896255853921
2610.165147304924
2883.6356195305625
2889.26016540032
2890.5096342220813
2895.334155994943
3287.365274103111
3302.0223087624236
3792.4547925466914
3793.044289969151
3813.4056777924384
3813.9478956779644
4438.484777619383
4467.139267484703
4815.272505281193
