2.7489989451456864e-13
2.031493705931007
6.747512387432515
10.246295893550176
10.246295995143656
13.91753904256119
20.666009312437147
20.66600999653365
22.993243302666876
32.65367273818129
32.653674051154795
33.247938793555804
33.66760396958504
33.66760412169795
45.285409755393246
48.762972312251726
48.76297439442438
52.502408319943534
52.50240966431206
60.28313719530811
64.01966698529442
64.01967270019856
66.21833675532011
66.21834786279527
74.66533120701345
74.66533531012819
76.53414780298475
78.35507796652183
78.35508016105537
85.7383687883274
96.16235563352915
96.16236352177874
97.1721795832639
97.17218544624859
99.02579559665534
99.02579719055048
102.95442716978644
110.67765656776005
110.67765750469566
120.85887472642948
120.85888203065693
122.72679105788649
122.72679635512547
126.73279142883321
127.95496855662462
127.95497342556308
137.9586586894425
137.9586729210203
147.8774339780247
147.87743814461484
