3.9142300511940675e-14
3.4275989270519234
3.4276002958035954
5.014892741928487
9.361134428159897
9.361135400911385
11.88815697333918
12.803431290627321
12.803435297907038
16.733935638062473
17.350097455310515
17.350102408469287
22.853837656500627
22.85384466215663
24.796002452573294
24.796005046337864
27.304238546541544
27.30424121536465
35.5614325732403
35.56143763153146
35.7802484067767
39.31699883919239
39.317026918333035
44.11553908887968
44.11553970347199
51.51801953083079
51.51802734074982
53.42584551338447
53.425863321197205
54.31721424131903
54.31722707873782
66.84440538659842
66.84441383211498
69.62109953160011
69.62110005083869
74.35921689517679
74.35927214091863
75.72190567715553
75.91449858987033
75.91450290523832
87.86362401276968
87.86362736269788
88.08583128581624
88.08584850012292
100.34296859045733
100.34297730032705
103.49986932723496
103.4998900526149
108.0935925132561
108.0937408433446
