5.032432803808717e-15
2.427435750060904
2.4274360496736134
5.83217097079635
6.996837811846246
6.996838002757165
7.678662425061813
9.35775367404498
9.357754743622662
13.491102685686318
13.491105070878715
16.811259205683626
16.811260358671408
16.96907475296353
16.96907659336969
21.88252414049799
21.882526436004284
24.250947144197166
24.743584979412848
26.61740404758634
26.617407064285246
29.490392546987383
29.49039337929924
30.260191638031348
30.26019547856325
32.09446161481031
32.09446378408023
35.009464084202904
35.009465537311115
38.09051592341236
38.09051648349249
42.509250791406906
42.509252655129465
44.032423247219526
44.03243781633346
44.260993883751524
44.260997997343374
51.317164991317604
51.31716578552628
52.29052238060825
52.384450118157915
57.0791615048278
57.07916849036611
57.584821220636684
57.584826677486156
59.2669738596714
59.26697719851853
59.629016884849946
59.62902149482593
60.58371302842522
