2.203098814490545e-16
2.510546377520235
3.836164792532966
3.981574133601067
8.184450897422005
8.57201045830877
9.22864658097824
11.910208233710657
13.265701761135462
16.628594373905383
16.688555169250158
17.24347591990889
18.213130956639525
20.56332592183594
26.05687621472679
26.26077334832641
26.29745249972961
28.101619374566365
28.45100869735716
29.21551952066357
31.881201619763242
32.73068692751956
33.40628241874804
39.198623443649105
39.89369356470117
41.61751225310823
42.29070662144138
43.79382902138807
44.344422385424075
44.422298735116904
44.95157917629738
45.63920631287992
51.80804816032178
52.7646841117105
53.02946773914428
54.53094968523468
55.20872680889751
55.5050302972081
60.395988949101785
60.54301864556814
60.7418232125539
63.96786942239798
64.72109936331007
65.5067216435445
66.02176589078354
68.31569153322529
69.36591075796139
70.34756357715756
70.84760556163893
73.73399912517978
