-5.613565168260948e-15
2.9984650186684925
8.174482838174985
11.142214157021067
11.251963450185617
11.539497834721828
19.75548243086841
19.849052020690742
24.33359281733832
31.47088343942445
32.71983896848882
32.96593771306073
34.71063616540656
34.84443245205917
39.469790891978
43.32553564927738
43.4617925395679
47.9403589002442
49.06670630926568
54.696937523572615
56.283897829022095
56.668733994749275
63.25164702648992
65.78651153729284
66.49864296271923
68.20824181083705
70.01758670333
71.41594032756313
71.68386510073586
72.76313086216729
76.49016651867016
78.28528944998251
78.83003052239643
80.29589036202462
80.51043353105524
84.22818143556698
86.58145159752723
86.68001764805057
89.48182190108695
90.66538699936558
91.4851141466866
92.42431573334669
93.50015855908843
99.978729739763
104.20567862398873
106.54535421949198
108.4527302697225
109.5964865017023
109.65591870574836
112.31110119096434
