1.1878692474098784e-13
3.399545937871653
11.315477980742347
20.25616401150888
20.256164011509323
23.466585471181787
39.23179965883374
39.24174342773376
39.24174342773406
57.49258644867749
62.51093911527241
62.510939115272926
65.20718160843502
65.20721100069909
77.9337141750713
89.60476591793228
89.6047659179329
101.79279236814907
101.79282406364908
102.42929511519985
118.56298703194989
118.56298703195095
131.6875324164439
132.93484203045668
132.93484203045716
141.93499641313298
141.93503235810167
145.61514935886996
145.61514935887254
160.44097274510997
175.5918888117023
175.59188881170368
177.68291084471497
185.85184942969997
185.851854405835
188.41760967802438
188.41760967802568
211.61779210050815
214.43965029918164
214.43965029918226
222.96025480151846
222.96033546933592
231.68227157980272
231.68227230030323
246.31747233275806
246.3174723327599
254.77728437571375
259.7739493274187
259.77394932741936
267.44055121064594
