-7.703906956813e-15
2.1681218514575136
8.332079547301444
15.923173324218451
15.990759501231816
17.573353326363335
20.522832359178135
20.729395364039767
28.322688831673062
28.66835141668411
28.67487151861113
38.756793303658064
39.22925878004261
40.388953146551735
50.578015464204356
51.14028238036297
51.60175832562132
58.66806408019847
59.39083465116067
61.12355775004895
62.197099002810575
62.80728093782718
63.23195594269623
65.6933895960594
67.62933717837946
71.14466943640349
72.10054812446806
72.68088434482065
75.55911656777404
79.22317787094471
79.64454949452372
81.88334491666744
83.20459651371998
83.35949553370169
87.94563463140595
94.15007672075194
101.3518722859619
106.22596816364394
113.90941974062196
116.37736128374611
123.22062313968517
123.45323920177714
126.46284058918944
128.69676322983517
128.91630885746054
134.78149252970965
135.10474600324065
144.37111958794983
144.8262887196349
145.62752489114504
