1.897787482718627e-15
2.0955895867081376
2.9391073831178365
2.939107383117839
5.88991526042716
6.575098317534822
6.575098317534855
8.005637905623676
9.533167086044593
9.533171585308978
13.711451894018825
13.806270192477013
13.806282812676436
15.178896324279053
15.178896324279089
20.05604418588837
20.0560441858884
22.378117290900132
22.378131734078725
25.367270544436256
25.36727054443626
28.508814478027762
30.598077479902578
30.59807747990265
33.96104104907444
33.961064370241736
34.152417185027296
34.15241718502732
37.45759257743861
37.4576042524635
40.577448801095386
40.57746756489571
48.727417054835875
48.72741705483597
50.03744167861861
50.03745704477066
50.65905289358347
50.65905289358351
51.25450433354113
53.40148698068139
53.401486980681405
58.620153110994956
58.62015311099504
59.98068177630652
59.98069048668041
64.13229868016214
64.13231495394673
69.26996920973211
69.26996920973217
69.52261794670675
