8.869641132669415e-15
2.9375868689036277
3.3891235820831818
3.3891247098527058
6.0257071917398735
9.82596886725568
9.82597261986909
9.939695670776405
9.939697304459315
14.045610543149078
19.46422999677041
19.464236775684924
20.293178975428827
20.29318165080909
22.391131189679957
22.391134030357954
23.329305939579847
31.804307901341463
31.804309174277243
33.98547695686853
33.985481402317305
34.74359202355643
34.74359807850974
41.20150054257625
43.884533470666554
43.88453501984664
46.12248340618673
46.12251421953579
49.996281180234696
49.9962890358953
52.85351464385207
52.8535184975667
55.590736065964585
55.59074104117841
61.54728029968184
61.54731396219795
67.61002597344216
67.61004329749709
72.33245930153197
73.07075016575315
73.07076286866817
75.50401285314263
75.50401842133013
75.69143463015222
75.69145057776653
77.13016979525511
77.1301775420407
85.92492520918539
85.92493732004122
86.13661287793894
