1.189326415129699e-14
2.2209912789708017
8.043841576465319
8.838893207560218
8.83889574065373
15.321889223183861
15.61198431200495
15.61198720586469
21.593502402710616
23.74023928931043
23.740243445121145
29.087201275317348
29.08720336954262
30.765935655595644
33.69891657003061
33.698925242005984
41.2814896245043
41.65325891991899
41.653261101725874
44.813380123239554
44.81338216353653
50.70728542020585
53.93432982425419
53.93433516436353
55.4481649816344
55.44816674853684
57.41386619917005
61.341505857077884
61.341517014681614
63.84228217609048
63.8422828614826
65.7493215342236
65.74932393212684
72.33533997611977
72.33534578290282
76.59520744489362
76.59521135097546
78.50427691273265
79.23793958040561
79.23794266980082
86.87509891944333
86.87510998901361
94.79270506687325
94.79270833733818
100.99079526332498
100.99080962170133
105.43597830838486
105.43605571254457
108.83910203570417
108.83911053441382
