3.229361222878424e-14
3.3979935750483414
3.3979943671854738
4.892959133515904
9.304153960655116
9.304159405801002
11.470921672795312
12.673725486360604
12.67372630073796
16.565790975303567
17.28484939298702
17.284865203699024
22.052379997675114
22.052380054775682
24.730387017572827
24.730392686384135
27.27173574005674
27.271737816380206
32.98917989793166
34.37278324572347
34.372794248290404
39.38318194197827
39.383204027669
43.96095743204533
43.960973151388544
50.23336760421796
50.2333921896378
50.430660462343965
50.43066445757884
53.69004809794296
53.690053309500556
64.88438450125147
64.88438493854885
66.85452949231448
70.22424735495333
70.22428205435622
70.54848738990724
70.54850843962393
75.10033124704556
75.10037100308975
85.22361522406345
85.22363739618042
88.99621320869618
88.99621674125758
92.07375642297337
92.0737670962966
93.24524900879874
93.2452825001147
107.47154745306796
107.47155478864654
