-2.3401419690927128e-15
1.9999416852458485
2.0005910657409505
2.0005947599553013
5.994652896078387
5.997916098975671
5.9979979795463345
6.0002813713375405
6.000321151486877
11.974196442163846
11.984427284339072
11.984783256643412
11.99124235273326
11.991445091905433
11.993986676633696
11.994424400779868
19.92442481705006
19.948420504472153
19.94861652766249
19.961845820284292
19.96231128886076
19.9724272919838
19.9739799845761
19.975171391584755
19.975957305973473
29.826890304568497
29.8724655108934
29.873507343854943
29.89611453249499
29.897151713391136
29.921802995429537
29.92576728156916
29.927009516843537
29.928097581577287
29.938822056926675
29.94016556279228
41.65894424529661
41.7352788952304
41.73917687833401
41.77377763337235
41.77484457698946
41.826046947587365
41.82699976426375
41.83294936150247
41.833076979840236
41.861994352085155
41.86441049443667
41.869763041241534
41.871455019241765
55.39287169285013
