1.0361503322009469e-14
2.3982489001985225
2.3982489740144888
6.468023127480478
7.028808459254437
7.028808993395172
8.171543636430293
9.711800873211645
9.711801258445991
13.56555880064807
13.565559788986178
16.156590346711848
16.156591265381323
17.284833373241046
17.284833979375865
22.02717933264625
22.027181223582296
27.110661295897195
27.1106614252277
27.209762583236117
27.59983110734948
30.015804268243354
30.015805466892964
32.33126994099882
32.331271769870504
32.362189290070276
32.362189941907175
35.057178281098466
35.05718023081395
38.82364244241983
38.82364251871823
43.7175527293727
43.717554238051946
44.50484494424379
44.504847096399054
45.79354327512008
45.793544559665534
52.36508049399912
52.365081732631616
58.37736580977795
58.37737765875693
58.88465958304641
58.88466022445825
59.57091615988752
59.57091690693592
60.715546717468705
60.78198248130237
62.97895620140297
62.97895652943419
66.37934646979667
