7.226858000919378e-15
3.397667990952976
3.397669271404238
5.095461740921535
9.245587902441839
9.2455886300352
12.270772200686052
12.68244349560545
12.682445965405671
16.553308853298198
17.0943218792064
17.094325052046937
23.55860692620736
23.558611083345074
24.360246000152642
24.360261917172974
26.858992833346097
26.859000069658435
36.33783438095283
36.33783827589807
38.350539958602184
38.64389786723125
38.64391516894435
43.43284737492728
43.432849862257974
52.11622259473466
52.11622523069393
52.497817343973075
52.49785146496751
57.312533175929715
57.31254415357913
67.2869822797204
67.28699504348877
68.42400280152245
68.42403233432643
73.30202153742145
73.30205200982583
79.21883660404357
79.2188394912864
81.55062254424105
86.3983756497184
86.39843159918937
88.92734614722451
88.92735859953149
103.88900545450461
103.88900856720831
106.36301121754114
106.363132583016
106.37866008406743
106.37870793958874
