-1.27675647831893e-15
2.235118704550637
7.293124676188659
8.083932883840282
8.550564453548683
10.916888035997141
13.242334440107504
17.949450107053902
18.12793038878633
21.787310549979324
26.748072237283246
27.094177797729905
28.417630664323944
29.379608865520634
31.435315566456428
32.99519122998431
33.08099773700218
39.742672272090594
40.50064218537959
41.812141805351004
42.5561700864682
45.52983163091346
51.1159516882991
53.09589113447625
54.48531918659195
54.714913950966626
57.31621885693596
57.86806076884709
58.28514288795599
62.883021635898466
64.14724380764214
65.10097869503863
65.30817646290927
66.95480344323929
67.03983722486517
69.0374461682273
71.9769038570922
75.79693291360697
76.01448729038445
76.65104057163512
77.23754662459905
77.68875545607501
78.23815547545682
83.64901884745542
83.69753752565184
84.31629529930923
85.70797820533268
88.74058731059641
89.20662424308433
93.84835705876448
