9.35536370594292e-15
3.157384220575636
3.157384435787273
3.3849728266774815
8.345407391011596
8.34540944034624
9.099911819150066
16.08891613515195
16.088920750521627
19.636738573325427
19.801918025110748
19.80191808396029
26.26969595580845
26.269699458229184
30.58586845390125
30.58586948206414
38.86548538324479
38.86548963783821
47.324251702351845
47.32425578140566
53.783374430582434
53.78338808506444
67.20238892037938
67.2023908223408
70.30162951937677
70.86955398093889
70.86956687861425
72.7962191873102
72.79623002407466
81.53272551741625
81.53275278693506
88.1421647536456
88.14217269231543
89.92864989797975
89.92866325761645
97.4019856270006
97.40199374713713
109.94380518788675
109.94382125887635
110.7347871315955
110.73486690042425
121.93487041656223
121.93487385974304
133.01304411946492
133.01305480308588
133.03816438615658
133.03823400437338
154.88998233840954
154.88998452504487
156.56946858940577
