2.3531523951625388e-14
3.4195107335170523
3.419510882200279
4.849605288653933
9.384128578707976
9.384129758994584
11.328867626992988
12.760081357543864
12.760081445103378
16.77278824454471
17.457574255199415
17.45757910043526
21.897544877972543
21.8975469012341
25.002831924317892
25.0028358466652
27.561892292849908
27.561905719644965
32.71636852356588
34.3969810937609
34.396982855174684
39.79972730802961
39.799751479197475
44.358691269847355
44.358694588648106
50.50879520562882
50.50879735549219
50.62545037239271
50.62545519275041
54.223206208616666
54.22320978066773
65.47590016124663
65.47590833869342
68.44909797014608
70.84198375869143
70.84201572159482
71.40631126297244
71.40631558377373
75.78068087289314
75.78069393894607
86.2973494318415
86.29736719258773
89.64028441282852
89.64034813238844
95.01164832385295
95.01165186316072
95.17173425650965
95.17174271983988
109.09301409645259
109.09301609718675
