1.0326808852489933e-13
3.6206003333402292
4.87244038450696
4.872441373881485
10.205696486998031
14.186984366649341
14.186985971334515
14.939636346431575
14.939638285203017
18.423691809863872
24.92209986486965
24.92210556054924
27.3907939032729
27.390797286975502
28.584325494326905
31.84421686696245
31.844216950324835
35.808865231811694
37.164254101417555
37.16425865690579
44.36305412927597
44.36306441764036
46.32940472392943
46.32941227864341
53.09103518284734
53.0910392124019
58.1110851917403
60.17632828720776
60.176331857081486
60.467226988450854
60.46723131890407
65.16838908639468
65.16844565546803
78.04514104237668
78.0451462026103
80.70890040876988
80.70891256502426
87.69589337126267
89.3427993419656
89.3428122931653
89.82254846086634
89.82259380664465
91.19759977092214
91.19760383076853
91.22400753900097
91.22401048546185
106.90159583576295
106.90163070425824
118.28881036734688
118.28884704981277
