-5.4832874352150895e-14
8.122205358365232
26.882077235273947
55.45407299766494
92.70663974527389
137.1952764653971
187.22331542441356
240.91388909390213
296.28245830414363
351.31274348572913
404.0179161406179
452.49727832433024
494.98858632574434
529.8902098325198
555.7919946192684
571.4847425482039
595.2030562878778
837.903992409852
968.3076431733385
1088.5580683279434
1191.659895649671
1264.4927781728002
1378.9977426077703
1393.1425439922978
1565.4829169703396
1568.0922366191867
1797.8944777717295
1802.545877287815
2104.6812839114796
2111.5145395810932
2519.6006688220095
2530.022198529
3098.801045441029
3115.477647986518
3195.8715709200146
3412.4472679888217
3567.605195311772
3640.635890934021
3940.053365058275
3947.2084960252473
3963.063911159068
3968.411450050168
4515.75211540711
4543.52766319342
5225.879421202378
5232.97894314319
5271.194600454511
5278.113659720735
6148.794647978846
6202.71969116406
