1.1102230246251565e-15
1.9661088339569193
1.9661088619534552
7.02663715747473
7.026638844296986
13.017878394552381
14.025406394324806
14.108570220817485
14.10857355676326
15.08794611519567
15.087946283280829
17.014754854766178
17.01475510620576
21.085510666008787
21.085514700562
22.999925647935026
22.99992699234363
26.395282351720763
26.395289555057225
30.464070253050846
30.46407340034322
33.739617687261635
33.73961787419202
41.79224641899351
41.79225099934028
42.58195907246543
42.5819633284346
46.32406115040564
46.32407575254609
51.89656277018432
51.9623402283227
54.30093689829402
54.300936951415125
54.441841348454474
54.441841977249155
56.937891077080316
56.93789378317417
60.7107912003505
60.71079504490533
60.8223700722093
60.82237360073293
61.528269808758274
61.52828189893981
62.0799360725863
62.0799545790127
73.23909818023981
73.23911340284377
73.5385546852973
73.53856394225814
75.62445778249813
