4.935982178544407e-14
1.8569674871047792
1.8569676842297522
6.793107262809874
6.793107706693511
13.732405283411428
13.732408545868502
15.454435613681602
16.416377698453534
17.386689105560382
17.386690430019733
19.024800066818347
19.024802054466136
22.145711881668912
22.145715189666443
22.995861795724785
22.995862905770736
27.12963675924631
27.129639833256682
31.77259134376009
31.772596084092903
31.826227755198587
31.82623088717504
40.713843743207384
40.71385198731098
42.5489724610816
42.548972902442
43.02887166917813
43.02887415338131
54.02082353253676
54.0208349937734
56.06564879736879
56.06564961368527
58.44458866085589
58.44458924744402
62.59910372077336
62.647666727166275
64.77933829453828
64.77934344101683
64.86884525942405
64.86885224417362
65.90367581369611
65.90370858862683
70.27498060729667
70.27498730025546
71.27473960891555
71.2747439528286
71.56341400745215
71.56342143852352
77.83614840181725
