-1.4613310561628623e-14
7.54498975694251
24.96134176663384
41.85413919314477
51.669039218527935
62.05359230168832
85.86381742849453
88.34348889630024
109.57837213324436
127.72720246886716
136.8200259732616
153.43404452149244
163.71511415692203
175.6011843613289
178.68765678876775
198.44710735160692
223.79671034962314
225.547670808235
232.67039761745804
261.1628219095381
261.75299582526156
279.98104317185687
291.2327439101843
303.9031217493852
320.86291523520816
331.44658142244305
336.6347289745581
351.6740248590266
356.0380411028086
362.72051577050087
385.7810790341445
392.09165683056887
401.19005122518
418.43302551939206
429.22761068323916
438.399276358622
443.0720255301645
459.7205023621061
475.36096515020057
478.7660237108711
486.5938902513469
487.88401985185266
515.4117315324521
518.1411816535866
522.4315678877192
524.5220079233528
549.0947837986307
552.1965336938536
558.5377870621694
567.4657242008319
