1.6830287163926982e-14
7.185621636519361
20.7796120012126
24.573073004217658
36.65268491980953
48.507268518339906
54.06266740999453
71.8777375958068
76.20140088024964
82.10604050197239
95.65842712721962
97.79620315490621
115.63106162311021
122.13296320592133
126.6137018380848
142.90886518556655
155.17307558904446
163.1044920569778
166.4005318749665
171.9166268211386
185.79969930110482
188.04226653457138
204.06354800866944
217.32153146688117
219.9064977581994
224.44219205994634
228.79153852871497
246.40078896191525
261.2470718484261
269.3925981510905
273.58830823131615
280.56148926155583
286.28584000090814
293.83399903640117
303.4126585909226
308.3023302932154
317.5156999640441
326.2413939406027
339.22732698699207
341.78733988999767
347.4823620792915
356.7405244657885
362.9578302612079
373.25888783367185
381.79604819858497
391.89753068893674
401.43082736440687
403.53676245243463
407.8543469447707
428.6008461832615
