-1.0913145387370093e-14
3.4060574443501777
3.406058395415747
5.146805822645834
9.235760191486445
9.2357639619177
12.434882689536321
12.70827264220273
12.708281650580343
16.665958371622438
17.00317807330755
17.003189887964506
23.860869161175177
23.860877209954985
24.142964990604582
24.142974058476575
26.568280145299852
26.568290277673636
36.692697007256676
36.692711936870104
37.968975757818654
37.969028838574594
39.22584669317796
42.51430880386171
42.5143160007645
51.170820356507605
51.170835652694436
52.34093023197935
52.34094415924562
58.44207360750919
58.44208682966105
66.07502193055478
66.07507147714603
66.24435563872655
66.24442299169756
71.54792807147767
71.54797828581836
80.59534529324962
80.59536134966476
82.5353429960573
82.53543056602437
83.79276844858096
88.69887819127038
88.69891951355227
99.58558229881582
99.58569026210259
100.36299102239339
100.36303896643558
105.42306897683505
105.42308811386665
