2.6098914696071063e-14
2.3261378776234882
2.3261379156080575
7.059761355233323
7.059761408457161
7.711701411054138
9.167122900442411
10.559061704044307
10.55906195617303
13.532562205625753
13.532562422168695
15.206362722020293
15.20636285047675
17.824938717793373
17.824938816213713
21.730246384887913
21.730247217289477
27.626342410594976
27.62634271681307
29.627460024012606
29.627460861116262
31.501123255994482
31.501125588101846
32.04222111525032
32.27793611938313
36.05399712566653
36.053997930507464
37.13654248000204
37.13654271295854
39.174349479471175
39.174353016759106
42.64343931231549
42.643439435220166
44.450639666571746
44.45064039830367
47.544163474890595
47.544163919460004
52.1992025762266
52.1992101498949
54.63265463223608
54.632655968754655
54.922254898817926
54.92226591194584
59.77576276204706
59.77576621338895
64.1296715350687
64.12967294296661
66.48187368711504
66.48187980047095
68.07538967592089
