8.641698467926062e-14
2.4493232923382404
5.463407413407509
5.463407496362959
7.809166382473105
13.97441404750949
13.974414256623417
14.550111712891761
16.511796641617423
16.511799665828498
23.093683443067604
24.857602622019506
24.857605267188212
31.84757372945419
31.847575851074414
32.56576316341033
32.565769816522824
34.05120957016304
34.05121004280033
34.46030571003196
39.840161263866804
47.515052320970014
47.515053587625495
49.97576810728357
49.97577323133292
53.49740827193836
53.49743361386828
55.13534849661424
55.13535364920241
55.768646084907125
60.867690026623784
60.86771576616204
67.86603253610745
67.8660343707601
77.80352653405691
77.8035344995765
77.99854483857825
79.35774217685542
79.35774244730457
81.5549187134279
81.55492280980054
83.47946367982799
83.4794813921195
92.95210770624887
92.9521084174982
104.3829665570569
104.38297629347143
104.51980329965114
105.15123310584539
105.15123715585783
