-6.062858548538941e-15
2.543565223363649
5.292522918015635
7.072063445798924
8.559410336739608
9.727697033978856
13.697557905715811
16.321632122379906
20.1452743932406
20.24371652855552
21.266360345188872
24.34745409875138
25.401500548661748
27.501779597201395
27.716339722565618
31.020063184499335
36.372166850757225
37.79179989980658
37.984853130283724
40.74555568077962
42.782185858680435
43.87897913170071
43.97978827456139
49.12306498561364
50.10717645410306
51.130391806776636
51.27568219280253
52.980946235449366
56.21996506067548
56.26709277849614
59.22608535414438
60.423101489864614
66.17985995612945
66.30406984625463
67.4952078306177
70.28724383802262
70.80118075229076
71.7080292292584
73.1053054941194
73.97820706200183
74.14777922130426
78.90110993346897
79.0826212753466
79.93917508431973
81.7899998664481
82.13858051160744
84.07890473880184
84.45155442805415
84.4537062065394
88.51354626105895
