1.0026701691145945e-15
3.1304392812960753
3.130439691563617
3.5424774842678897
8.033827922348415
8.488604837498455
8.488605892172128
9.748297460268697
9.74830052346873
10.448424322027455
14.933536696085403
14.933541619116289
15.40322558510524
15.4032286172971
16.05601980513783
21.364831724383762
21.364833493146648
24.159531652604965
24.159538656925896
25.39850735601941
25.39850973494665
35.035093110297936
35.03511420868245
40.87861176021493
40.878615859677254
44.367516787276834
44.367522553934826
48.11237544986923
48.11241627327549
63.39361478607139
63.39364044698478
68.04611320620369
68.04614021713591
71.2998891119189
71.29991617089279
80.84642684638581
80.84647827159336
100.41942375745381
100.41952460877465
102.48682229533058
102.48690702022367
105.60814894092925
105.60823042873147
122.04789863727089
122.04790771634636
143.7562104970324
143.75623529767097
145.65555574086295
145.6558492005577
146.7806667944493
