2.0997092953223273e-14
6.89448515287634
17.855193097887483
22.49321907902583
30.142692158694075
42.728660767753844
45.45980288500211
59.294783068989176
63.25005271279658
68.6250171302224
76.65353446532954
79.52658636592969
93.83699300401952
95.2869091777849
100.11319402724102
110.35101944206178
118.29994549652004
120.23730296777194
130.23908478745784
131.67271573888578
137.1730819606126
138.83591157870984
143.73592336510785
149.66262680733195
150.14810428353516
154.57411164534903
162.8315207690265
165.01439784628565
168.52040443792805
177.03451518605192
181.00877012012944
196.17962163384271
211.96267498725445
217.52737493060974
218.09586837841724
220.92364104677466
222.87990707813307
225.21924988112252
228.27216858858867
229.3646257963371
241.22387792599187
265.65248629019425
269.14497815039505
271.3548304617809
284.8976636633378
295.160479710655
296.47124199804296
298.7786458549683
305.5769659812716
306.90893113918924
