3.7574457434352837e-13
7.937317023816274
25.28826366950439
49.28233400986868
76.39863352815426
102.87522005810439
125.13067672148043
139.848937664587
148.81813594406373
658.3814935536404
766.9715522203528
787.4491559730718
1018.0806568135034
1028.1961318548695
1421.0040908373344
1442.281651444775
1572.6429193902447
2145.1681433998606
2196.2977001304016
2413.031035696345
2765.742319282931
2805.6107761919807
3549.6297742632855
3631.217178901222
3665.0804216889787
3754.051578361658
3786.9774027271505
5052.750232854923
5087.639901487829
5267.760646084562
5832.498022263792
5876.709260761192
6293.2451292311225
7320.437380643763
7468.499052401948
7618.074002130693
7720.654245722227
7886.540673447407
8019.533032043779
8351.672516240767
9438.49036966322
9517.311445222349
9679.528006631888
10253.708234264297
10484.047513641957
11648.074699953966
11885.201053587634
11986.151773030102
12304.471563859339
12781.931064813476
