1.5851035761738075e-13
2.3278318152127566
8.957581898363372
18.88413528163591
30.611356220158548
42.39630058136827
52.55500646397037
59.82811323471767
63.800770116209904
100.58480468675876
102.49816261049553
104.65983978835133
109.04555668827874
112.09628758524222
119.06432038136981
122.46185833682237
131.24024159668218
134.4686425076568
143.83689904964035
146.4019155762568
154.882489467938
156.49941453408886
162.47897820825082
163.35920225119344
165.09193616859517
295.8187907389855
295.8187966137196
390.2594801519978
396.0657008025778
399.61771960080284
405.1407009463125
406.1553217049827
415.7928203467845
416.99232728598196
427.9108209144068
429.55830662954645
440.39461935231503
441.42811868634794
449.8452646858939
451.8742952393044
459.5667097992206
476.0931115786559
476.10433997830603
576.8321666426712
576.8321782061586
852.4196197530925
858.797558219391
868.6097703960316
871.8644733764986
878.2600434767407
