4.913083828661513e-14
2.271913755590129
6.844736834333542
6.844736834333557
8.060511628228769
13.063362816729867
13.063362816729967
13.666698800463589
21.12650987399164
21.28693686593985
21.286936865939857
22.11662962846555
22.116634011707337
32.279228641615056
32.27922864161512
32.991609563735665
33.46165672386496
33.46166105044872
45.506325409608536
45.50632958141187
45.566070690390646
45.566070690390745
45.71271141425574
46.38641351301887
46.386413513019086
57.37979964447106
58.32897702989653
58.32898516764034
59.706888954047294
59.70688895404734
62.7043497519047
62.70434975190476
67.78449187209857
71.88424493075297
71.88426386521171
72.932042769606
72.93204276960603
76.71088327452661
78.94570516884518
78.9457051688454
79.58225566365026
79.58228574275674
82.78822317633919
83.5267151113953
83.52671511139538
85.45244471087764
85.45245807773433
90.95039752757882
90.95039752757907
94.91151374150496
