5.711577044653637e-14
3.1866417356361687
3.4303508897946196
3.43035120493175
8.182177986509394
9.82094079119278
9.820944367566156
11.454809817626888
11.45481002374814
15.730100924505683
18.08930110775205
18.089301274843944
18.785178674754324
18.785188701151757
20.056855613277225
23.891447373067578
23.8914510917139
30.260911992630934
30.26091913873412
30.66043134839877
30.660432998115674
31.94836893509627
31.948379493715198
32.69934386679939
39.45509238034211
39.45509875240106
44.3336614417528
44.333694653846415
47.98202002136272
47.982024906264535
52.6437600120152
52.6437613811979
55.21501242648929
55.21504881555062
55.2633428329462
57.272543218882156
57.2725494769553
61.057111918882086
61.05713464077579
68.79683170192085
68.79684049701656
76.31025072724934
76.31025964033243
77.70804583740048
77.70806519250556
80.45343333362071
80.45346735851844
81.67359485312309
81.67359688618436
84.63828161547713
