-7.079319769287551e-13
7.967666676341313
26.62461458609173
55.712892673822665
94.49418494591043
98.84516400424398
142.18202452263245
144.07288645847157
180.04759638836452
202.56603904141485
221.6509543762697
262.14009649273714
270.11185865181443
307.99879039162266
344.3317300596727
349.2932067108961
366.5573297047492
402.35015980794856
427.5584794050848
444.9533513675674
451.44399937154446
504.5638357826155
517.1065573593554
525.3278404856567
557.6265188696151
599.3513219731183
612.4270247968184
614.1165590494464
665.4652364344281
678.3439638803068
712.3530814998804
730.1724706262311
751.7645625832765
779.1646136258154
788.024750471997
818.2515915734309
837.6576753507246
851.8643408001103
900.458396561558
907.5311530570783
909.3557394473575
925.6946296154624
978.7599308221841
983.661642614772
1027.1752355993215
1034.728373727337
1043.6402036307622
1065.1655441166597
1108.4736744330262
1136.8877648752468
