-1.3119713648812592e-14
2.8942337622587124
8.324085405578415
8.324085405578446
9.414364915133925
18.428836175379622
19.577943255650933
19.57794325565104
25.447658870375456
25.44766925009855
28.712514105758803
34.11654259605763
34.11654259605772
42.31813550338831
45.942606252244964
45.942613901873464
48.524646392950444
48.524646392950615
50.187944941850084
50.1879449418501
57.616551057400095
62.70740880547165
62.70740880547183
65.67247318080007
69.7684205364628
69.76844266389789
80.37439133412857
80.37439133412872
81.84822864621653
81.84829503322176
84.47016891920022
84.47016891920045
86.1676224106327
90.49781484776777
90.49787133053172
105.25619560731528
105.25620769265478
111.78878501396797
111.78878501396801
112.60092521857516
114.00824921572186
114.00824921572197
119.83403639066292
119.83403639066292
121.81426156594229
121.81429101239536
134.9626364654333
134.96264223930035
142.31688543479748
142.91105896928352
