4.3451353626267064e-14
2.440870058039277
8.010071700044552
8.272229976939554
8.272230189779684
16.02454715436115
18.544383729875562
18.544384908032495
25.288763110458934
25.705449956487925
25.705456588682164
31.769112604266894
31.769112630119224
36.6191176556769
44.69441319974539
44.69441693780844
45.954321621034474
45.95432197598502
51.318129356899924
51.437526548833304
51.43752787446523
58.58224141262256
58.5822479685009
61.89830062437755
66.64411176290707
66.64411645338895
73.79800748629265
76.30449322112655
76.30449564304766
79.65821427154879
79.6582157200233
85.23627366084513
85.23628363449873
89.28531680914432
89.28534854870097
95.76086890550707
99.76246140710896
99.76247662629346
102.74827916613113
102.74833796534658
110.71809455914975
110.71809629343336
121.32311664759393
122.9234934190719
122.92350191070611
125.40585097904882
125.40586374086378
126.93175420045662
126.93175558386041
127.0982333033786
