1.6420025061858468e-13
3.5514827949586145
11.836209914199301
24.63756042301403
27.17630998741968
27.176314911247253
41.565470093718176
49.755460286853896
49.75546759886327
61.89527751701077
76.61510654641592
76.61511016707506
84.67916597566817
88.73269138731145
88.73274746676185
107.57467917019787
107.57468038748912
109.92362549347283
132.92180587833997
132.9218592349702
139.09497488443176
141.72237100738604
141.72237981338512
172.75700609550614
176.6344157174655
176.63441836880872
180.01120917020748
180.01125977881063
182.1664204989912
182.16643446256032
208.9330924469731
209.8227912787825
209.82280685914324
230.63645752262016
230.63649878496116
235.88107573031678
246.93424859627515
246.93427078746808
249.57765699492583
249.57767289846726
262.70334729505845
284.2594230046592
284.2594504452287
291.96325857231835
291.9632902230486
305.9417495355671
306.8141949979429
306.8143561641505
317.8633556940139
317.86336425594715
