1.1205966710114978e-13
3.3347807377465544
3.334780737746558
4.497052641379747
9.21554862005553
9.215551120096096
10.38492950790462
12.386840543049576
12.386840543049676
16.53661808514706
17.23307250825668
17.233072508256683
20.328864819869903
20.328864819869985
24.658654554037433
24.65865785893529
27.324285692383643
27.32430251553909
28.546970683879987
32.408203917453044
32.408208077575466
39.597878825030676
39.59787882503075
43.18145577093672
43.18145577093686
45.13075759276501
45.13075759276506
49.20377276947574
49.203772769475904
54.11939603560062
54.11940492621727
59.3131619646598
62.3776707612942
62.37768121361043
64.94030175173214
64.94030771564545
70.91814413092922
70.91814413092945
76.2771550660891
76.27718175875331
82.57478604851725
82.57478604851747
84.18504815673221
84.1850481567324
87.67654507625274
87.67654507625282
90.00260455007542
90.0027030264559
103.48306994253764
104.97759918375692
