-1.2463051424216331e-12
8.040563721874653
26.84247993095837
55.965020415487096
80.02273276807007
96.67660091056587
124.26376664816367
144.31978483690858
157.67977504994107
198.19310764213333
204.02280687293586
233.02354546113588
272.084933173755
279.4848544974121
291.21189151611964
320.9972531519335
349.94374531181234
367.98419806757283
384.72124789481956
407.82234246055293
435.31747570917827
450.1050589943591
466.8341676798599
507.43468659274157
524.4839583643275
529.1181726074725
572.9494227167249
580.5977360612683
613.3323744135571
631.8324675782122
633.9055980101682
662.6729685467172
687.1000786019564
712.3528487917655
732.1343538885127
747.4007104939592
770.2656334808948
798.9541793721638
816.1681075719487
821.9293667432553
850.0360737408259
869.0086339262051
892.0376610975594
923.8682138275293
935.1961339621611
956.6340754780518
977.7742277013595
988.4433239291965
1023.3308933415376
1049.0567350963959
