-3.980323015628784e-14
2.3884420999518063
9.19088770282184
19.375838437122166
31.406630551143728
43.49008866324118
49.671753898451165
52.00405933641282
52.54979079692887
53.887954694181055
58.8113060837155
59.46563204096739
61.29385301424374
65.28666301046039
69.1783485047749
69.73826387964482
81.68226195120876
81.86072604033139
93.94809829295653
94.56787612563959
104.28003997855959
105.7465378145775
111.40428638549426
113.37383414728211
114.8617388200115
191.57523969933095
195.51728967331547
198.09246502931683
202.9109826971452
204.89808573444265
213.330860651274
215.27090039022798
225.45890331768726
227.79284832812957
237.54134492814532
240.64587798039548
247.76765546338035
251.8281021783267
254.59545799974964
256.94767735537283
259.4647645657967
301.4069737811263
301.4069747051666
408.4930516673609
413.3490980578044
421.4994614328925
429.890516140199
432.38520956786596
436.6664672910656
441.55088997054185
