5.054984208996416e-15
3.3604452713350903
3.3604455328803464
4.67604988809146
9.23964017277994
9.239640989612605
10.859222376230328
12.522716023817383
12.522716075379929
16.581400361003016
17.202727784095444
17.20274099580895
21.08294258645885
21.08294347563419
24.62738043153975
24.627380481120667
27.157625218874742
27.157647046094226
30.75273044226351
33.292589070969086
33.29259401462704
39.18231775414763
39.182318607165456
43.42675877822904
43.426762357188416
47.95303273671481
47.95303377452655
49.38398319646731
49.38400182943393
53.30109433176131
53.30112723735934
63.60374785752065
63.60375743127111
64.318736530107
68.29375423054154
68.29375870326494
69.49171034871705
69.49172558345212
74.32793395030262
74.32799588624268
83.89879486742419
83.89879672167785
87.70128811672325
87.70131011619834
90.09117583266757
90.09117740419194
91.48380399489274
91.48382486043695
106.11858577497638
106.11860625226029
