-1.0755285551056204e-16
3.4198629740498885
3.4198629740499316
5.03306658240509
9.33303555161235
9.3330385661815
11.97357250990042
12.774257228251532
12.774257228251704
16.679681627978244
17.290678755144313
17.29067875514441
23.00387364223135
23.00387364223139
24.699875247843615
24.699879961533064
27.205793261356973
27.205823495497764
35.72737727564612
35.72737737188938
36.35488991424048
39.17680817291209
39.176808172912146
43.99069467714278
43.990694677143075
51.64123563318111
51.64123563318114
53.24676222275048
53.24678679049968
54.99027779500785
54.99027779500794
66.98440575497247
66.98442066460852
69.41273313848608
69.41273313848619
74.1667394980719
74.16678846297768
76.66563234264306
76.66564028358259
77.06584470355841
87.6434013340973
87.64346161135339
88.29925647984362
88.29925647984385
101.1628041563244
101.16280415632463
104.99926855515945
104.99926855515947
107.8882235574401
107.88822355744013
