1.4293774497353695e-12
3.145284982391197
10.486654268741274
21.07200544757206
21.072007464571126
21.82223031862096
36.723782443776095
39.75473427551842
39.75473752081763
54.33624586216489
62.399893806846684
62.3998967918979
68.32275944011488
68.3227745474714
73.92544556202037
88.76149111326599
88.76150354777263
96.59239383874771
104.6494220786881
104.64943318737716
117.58110651652633
117.58111797192242
123.82841905232412
139.85730748415048
139.85732005467045
144.14072200994025
144.14072871805018
145.54291730046492
145.54294518857304
154.5707535774063
173.55503045782584
173.55506699771072
177.8012293337003
187.23819770559493
187.2382063126918
195.2146039664657
195.21461627757927
200.05532308345514
209.24183264837157
209.2418502340698
233.01661678968543
233.016622058024
235.289634665066
235.28974052418573
239.04413620485036
252.06635205068025
252.06636269073908
252.53250733146623
252.53251375933704
274.4320887441207
