6.867770241392179e-15
2.307199322738537
2.3071995073871303
7.139056959890311
7.139057014417012
8.014326130713075
9.387314556739593
10.767122221820086
10.767122806339204
13.81652092687412
13.816522938925088
14.974286956036883
14.974287829425958
17.961880978864464
17.961881761300486
22.434432812578915
22.434433012365524
27.92922337001692
27.92922489015219
29.151376559998347
29.151379709275655
32.70486944968547
32.905025316852154
32.98102399630713
32.98102536931793
36.48183781418749
36.48183927510019
37.344996561693975
37.34499945787356
39.943270391701724
39.9432704753628
44.420208575592305
44.42021230976661
45.41840184224911
45.41840200572986
47.4401639884747
47.44017029598902
53.14287393593184
53.142883856664234
53.84992303892539
53.84992417046275
59.699753454723194
59.699758425148204
60.28963063717613
60.28963425782506
63.73099303240601
63.73099903168052
69.60289381835736
69.60289759326105
71.3643318022738
