-2.7009644520958886e-15
2.433979175798034
5.941553574445147
5.941554711854395
7.840565003597492
14.746923093209476
14.746924443360863
14.904838287804392
18.007519768566798
18.007521336704883
23.36184459294629
26.131509789300893
26.131513111521084
33.93801542381452
33.938017625817956
35.33398113855584
35.44225951001781
35.44226711183699
36.231266735749124
36.23127084736977
42.51510407649333
49.02038397125308
49.02038497866733
52.75009460494443
52.75009594371234
55.05403606099568
57.90126830926982
57.901276360433755
58.908203039403006
58.90821023348084
65.49365584359003
65.49366790413428
68.92531479425774
68.92531541787305
76.35586138168297
81.01277682542346
81.01278154630964
85.1656676660487
85.16568268911655
85.98870820374154
85.98871361938419
89.05215432854666
89.0521560465079
93.61525128519008
93.61525569032803
101.9243864556855
108.13000189608802
108.13000813417453
110.76960830854274
110.76961609824902
