-1.029037965949442e-14
6.228874635465
9.596203146813792
16.336022119272425
20.99152047910236
27.499746867911988
33.432769152876446
40.14199406324597
43.10930372778428
44.389280191843696
54.748032909236926
61.253142550798074
68.97791477422574
71.41401634353365
75.92525364517896
80.35798304465887
86.66747742851516
91.1828169111048
96.08495153825382
104.10994605477872
109.90133051988462
116.2248671027484
120.27274992818313
125.67867593702574
129.76850626898374
135.98366976780702
140.34262767537692
150.15683196134287
151.30028714165357
155.3857641040997
158.2345094106192
168.81419514711627
175.9896071032427
182.51318831543674
184.3577662229416
187.18705603718138
194.3444127480003
203.13670773092866
207.91818830076662
209.8941955521972
213.60082638262242
216.51438851886334
224.0612915623805
234.83387350876
237.57864692387508
246.52533111119803
251.33546190741973
252.50692573181507
256.5144293492535
263.0025245318715
