1.3634926521177704e-14
2.2649731485961784
2.443833930553296
2.443833930553307
4.970186555265156
6.599495508309571
6.599495508309601
6.977344410307152
7.676735492595365
7.676736621744151
12.407761738794992
12.407764395619603
16.21620779047634
16.216207790476357
16.311333977543224
17.80465144744853
17.80465144744858
21.955820411227823
21.955820411227855
23.391280716487838
23.39128336293462
27.850976032555113
27.850976769496626
32.7790375864142
32.77903758641431
35.03819457636202
35.03819695891701
37.786625911704384
39.44458490809157
39.44458490809158
42.391481285463556
42.39148128546361
44.655323378009946
44.65532539648049
46.01538480182759
46.015387706956155
51.36609832107366
51.36609832107366
53.39000276856593
53.39000276856602
59.70758626070633
59.70759395024871
63.048614540756645
63.04861454075681
65.72881963725956
65.72882168902584
70.59832467408518
70.59833259043052
70.94830601802482
72.58662672832968
