3.191891195797325e-16
2.164900964536844
2.672783878145616
2.6727849407750788
5.434354091726425
6.492562247924142
6.492564853604183
7.390596677557249
8.560784198363706
8.560785330887857
12.994409395441709
12.994411960136732
14.54978057265121
16.073646661404695
16.073649795267805
18.091614285446298
18.09161512726903
22.457587166400433
22.457589907506282
23.56828734858136
23.568291555201863
30.946352360115192
30.946358469819867
32.04632932940258
33.08336433217592
33.08336948906684
33.92299469302485
33.92299781730429
37.83032066146741
37.8303393273986
39.94520462206094
39.94520682796263
46.82033197560782
46.82033460242676
47.822275996357405
47.82230159379804
49.98105661097336
49.98106030205974
55.28975664115639
55.28975807063349
59.09384664725159
60.98055491236523
60.98055788553669
64.02003376315672
64.02005469041748
65.43737594402003
65.43738360214117
66.35022375948985
66.35022409155248
66.7454551192487
