-3.112093915902392e-14
7.415871192757433
24.535230052862
38.96364646752866
50.54018551236363
51.16790424335062
80.25238667974138
84.45362244178784
92.44340248662212
123.10131441100054
127.74489348084882
129.82048822069768
149.13955815434286
157.0035882299603
170.5920016732451
184.1608333864795
196.00126294601947
207.45789446637045
223.65709633239916
233.0756173427574
244.2414735685104
259.6775778838599
262.83818635591314
281.5156511864621
285.10522873596534
302.4572196268399
306.61847387053473
319.0845196903748
327.6829961924583
328.62234732403334
358.80746078415416
364.6629774745726
378.52869022802975
380.3046073770726
388.60664772762794
406.7716909882021
410.0141215212817
430.81137924964315
434.9486481055198
440.6770786869226
453.7904105831153
460.94027165535437
473.37693479174413
479.4628139213175
484.8772664054152
498.9823621144094
499.53053614928695
506.84225549479333
515.8513702844784
520.8799793573951
