6.355679871283826e-14
3.5592756148927154
3.5592757732561395
4.34207074100965
9.941093284119948
9.941096750764128
10.090890151321716
12.969195207628466
12.969196205253164
17.99061386030838
18.717021362930545
18.71702838033207
20.30383746847772
20.303841747131294
25.48345517426008
26.32262263095257
26.32262708206072
29.81348318870349
29.81348705366637
33.22072173869957
33.220731178571725
41.68798997686949
41.687992940193745
43.32697533617897
43.32698450765711
44.556496473169766
44.556502234363286
51.41026703916171
53.30653560934873
53.30655373426305
59.30993541705407
59.30996847759824
61.669610066847085
61.66961816537878
63.78036570163613
63.780368169362724
75.88476014327341
75.88476436598712
77.77548234707793
77.77551830147767
84.33755886956698
84.33757455703511
84.88888433981778
84.88889347190965
85.03524379535482
85.03524835336772
88.99135387683707
98.71226982951995
98.7122999853403
103.81191345730737
