5.316662041177089e-12
2.8260540030945185
9.425319789262986
19.667453623959293
33.3867035645839
50.36586234872113
70.3409841231311
74.77859280602779
74.77860464909644
93.0084123977609
110.40764837972753
110.40765915240944
118.03370400059629
145.0619941244431
147.44879098338254
147.44879775939594
173.72891901210565
186.43528955235865
186.4352983877194
203.66887252036275
227.20426608904643
227.20427867691197
234.51986058718614
259.3536217747138
259.35363005278623
265.91767830739093
269.3818602661705
269.3818664780724
297.4961383167862
312.4992564828812
312.49926443409385
328.87630560011445
333.66954503048345
333.66958739312855
356.0384287770206
356.03843221978866
359.66434448471057
389.45933660554067
399.45959950365784
399.4596086629102
403.2654758867143
403.26550456532993
417.85598260001757
442.1780172347666
442.1780204182757
444.4571893784695
468.88626100722234
470.5117247491405
470.511733815151
483.5744151136082
