1.3721662694976544e-15
2.418336387468734
2.4183365996144293
6.077685438756159
7.012121860392647
7.012122071673708
7.8586226219145585
9.487137121397518
9.487137627015466
13.52577961092309
13.5257813240823
16.5483328663128
16.548334135191734
17.091924933632733
17.09192546444755
21.95023395701712
21.95023622150336
25.34302422278455
25.78709682373669
26.812121009303254
26.81212317671752
29.708536602252746
29.70853701796046
30.971498660195092
30.97149987488419
32.21987346737278
32.2198795787941
34.76698277705818
34.76698664898248
38.3818521099168
38.38185466772995
42.96877093232585
42.96877296707334
44.25315006764141
44.25316048897393
44.80219259008881
44.8021940595642
51.73813604764467
51.738136110767236
55.260544406836594
55.34079635397512
57.763124770229226
57.76312586812547
57.953648318385184
57.95365635779868
59.79208647319815
59.79208916678896
61.4726324598047
61.47264323697243
61.654532979681996
