4.005129561335252e-14
3.3845830106952417
3.3845831449711157
5.021928264033594
9.231769438466747
9.23176977929347
12.017925609460864
12.64178002516461
12.641780789660519
16.479604708765688
17.1054290373923
17.105441264787846
23.08600741509437
23.08600834005063
24.42927676059765
24.4292822605689
26.93531015441018
26.93531825889436
35.771298318633306
35.77129923862851
37.06770426307613
38.84031392493401
38.84032656849367
43.673079621850256
43.67308222133759
51.588657227822054
51.58867029190706
52.88895683537682
52.888980213346095
55.75846125410388
55.75846142247731
66.94236292531743
66.94237209493957
69.10926344660558
69.10927662475832
73.92245103973018
73.9224632610716
77.47557367129544
77.4755747903299
78.97534336182694
87.50667305276559
87.50667481374688
88.29687700077385
88.29688419712404
102.0192571680645
102.0192798907613
107.05733131048875
107.0573320943235
108.07300301499886
108.07300556010418
