2.1175769471248884e-14
3.395701570365573
3.3957016794616415
5.064497982582178
9.252872101853374
9.252873589765915
12.16013099083262
12.680637377192594
12.680639822878572
16.536796546839803
17.12993484735272
17.12993915705757
23.355305226676535
23.35530893295061
24.442583705060315
24.442586483658147
26.951764723839826
26.951778123043606
36.11970833258224
36.11971214405211
37.81444216040509
38.83308834461212
38.83309146808725
43.667059435856864
43.66705979635469
51.963224728751165
51.96323069875514
52.836318853483505
52.83632375601878
56.70001718900298
56.700020364750166
67.31242860849828
67.3124401946545
68.98162427000256
68.9816285632723
73.83001236654836
73.83005021426224
78.60959942368483
78.60960465672694
80.7048270266339
87.26497592254802
87.26507654917069
88.86477846584695
88.86478088343534
103.3405274633122
103.34053421010915
107.66740192012941
107.66741913708759
107.85440353947097
107.85446032504049
