-8.775376258984835e-13
2.35716899220884
9.40423836354401
21.068195482739284
37.22826083532869
42.73991141794515
44.31934722290253
46.041904087757196
51.17748063342541
53.427594770994496
57.71678616529052
62.55688604914196
65.35619066389998
78.3796004152788
81.81589232919418
82.31897315421703
98.53346509026566
102.66390756406952
110.76572044030569
122.86997093681975
127.69434210546086
142.68267220392005
151.202644213096
156.65357903772036
169.39106390524225
170.27351395024183
173.4546366424316
177.04121244033212
178.56274896759325
183.11900315262798
183.30592666430087
188.27754563169452
189.2460951830517
196.5253831892576
203.9147169968698
210.1554755194932
218.91533957576115
219.57509015703272
223.85265002672708
225.13658595025723
233.1599761223037
247.95526472233757
257.7286143147656
258.57459090792383
258.8647000472642
263.94703366255965
276.0477308851222
288.502638978075
299.4053986212108
300.90434700132386
