8.278886257095941e-12
3.2414071131309
10.850121178285564
22.76514200445217
38.92881407592444
59.2638476843146
83.67211777697602
112.03377956012059
122.23416369817065
122.23418889166113
144.20615814750906
172.99293929629073
172.9929704529952
180.02254988868813
219.29094539906785
225.195562049678
225.19559263137742
261.7938203332185
280.2459569308151
280.2459871860369
307.29099912056245
338.47936342716457
338.47938740769246
355.52704297448076
399.9296519752305
399.9296683812372
406.2513003358067
429.73180918872595
429.73182877497266
459.25012822022995
464.49990043732925
464.4999192375639
514.3761477795368
532.0164200792151
532.0164415022412
538.5353983436657
538.5354187842587
571.568439952756
602.2469931845167
602.2470267629129
630.8188129300592
641.6717902664777
641.6718131141523
674.9076911430247
674.9077343742134
692.1084590315043
743.8919498730763
743.8919681836597
749.6520348293541
749.6520978110153
