1.0231919478354001e-13
2.8277107588863375
10.067556571637258
11.201384282312457
12.799849841013335
13.005929166616209
21.13345631784125
21.44837055072971
24.796134679306668
34.75664757945582
35.15085696392956
39.845181410877444
42.57382856537427
43.05481149006542
43.10985505531785
50.90029078571478
51.54022481737577
53.26590045673243
53.58099981250308
64.51218122016947
64.59899125171893
66.06328481144956
75.9872252225583
76.09694888607928
83.00775852113378
83.49892983195484
88.26070445188239
91.12176989140863
91.46041862231212
91.91505282562328
99.50807582217682
99.7767531641843
102.50018636648333
102.69175373832803
105.80569408946322
105.964708348175
113.36907512353314
113.94298936696543
118.93174387617587
129.90382014920118
131.50777892273274
131.6345267334236
131.83992515906326
132.23266150028854
132.4214578500188
147.96039595063016
153.77508110873958
154.59626277154518
154.9205816820174
156.60588536502254
