3.8996583739958623e-14
2.2392522546242692
8.54854649907668
14.993814814103628
14.993816803669326
18.40766468894986
23.937159885523453
23.937162238638905
29.321397210065985
34.02052446319948
34.02052901858377
39.486583986602696
46.19759130333539
46.197594558289545
50.89601177763936
50.896017837237444
55.12378659160152
61.46468088195539
61.4646914742058
68.77063817066505
68.77064228383973
75.020900344628
80.03042819109821
80.03044132098616
86.73240821976917
86.7324123175345
96.87306588568381
101.49103839003737
101.49104302577106
105.25530958617036
105.25531945514034
108.3186109896519
108.31864667625959
119.01578542407712
124.46891204910919
124.46891435642337
125.17936966224973
125.17938585192235
135.42937463100264
135.4294092638336
140.4426338933566
144.6365832703988
144.6365974167151
150.29823965062985
150.29825484941583
161.43778108128885
161.43782437155969
162.1185307461303
166.20372689142474
166.20373459660948
