-3.9277608943066866e-14
3.3790354443439408
3.379035686637241
4.692030136938826
9.302516972569514
9.30251935960162
10.894365874399734
12.592633707094851
12.592634729750195
16.650089405424094
17.34815653568657
17.34815788147368
21.170229011058616
21.170231296236988
24.8574829741414
24.857485079633452
27.44669257877628
27.44669722777114
30.862777627744958
33.48078883979882
33.48079158374751
39.70554474705178
39.70554751294338
43.93329155551181
43.93329722994335
48.15601602483009
48.15601893546427
49.900526193427346
49.90053462591507
54.18548034248067
54.1854926681693
64.15149558251117
64.15150042028807
64.63954635517734
68.64307098767111
68.64307692262311
70.9082374345399
70.90824082772525
76.02629187247751
76.02630257011785
84.72409681218859
84.72409685497945
89.8727272267154
89.8728158770569
90.58097907317443
90.58098289835912
92.0513442982707
92.05134553331544
107.40675632335989
107.40676185651364
