4.588343593958655e-14
3.6304483217086525
3.630450475600249
4.496529175713824
10.120190293319391
10.12019081152499
10.416890703988187
13.266977772298983
13.266982072497857
18.30750951614878
19.02569537770858
19.02569603156616
20.856186222946768
20.856200575116855
26.470225976893182
26.83230976273362
26.832311199711565
30.26506467707241
30.265106031105198
33.950735742713775
33.95074384711002
43.08950328049595
43.08952211743182
43.9302882493091
43.93033684210531
45.545878665338826
45.545882025834686
53.23684222945913
54.023883247890666
54.02388447262077
60.065894572345755
60.065902789094885
63.41401590872698
63.41402079553816
65.13666512865034
65.13669165677895
78.13514458969648
78.13516943288391
78.67382691547321
78.6739080199672
85.15585174644676
85.15587193118184
86.6684166076535
86.66844680580475
86.94985311600067
86.94985523097318
91.32541792139354
99.72913931340689
99.72914930688879
106.31912904294238
