1.2712053631958042e-14
2.157061154385569
2.157061497761331
7.140387114069938
7.140387320345547
9.968711380281917
11.170789033624109
12.358433117156567
12.358434605969393
13.951014296673033
13.951014806142462
15.253488477219882
15.253490191793224
19.024027642870774
19.024028036041287
22.636183362608094
22.636183379314442
27.517421050531503
27.51742127990897
28.88861599504113
28.888616282294713
33.21842536172408
33.218427061936815
40.87582515302729
41.00214257663864
41.09902757822923
41.099027797523746
43.871492287831906
43.871498597621354
44.232563958150344
44.232568413649574
44.37715616972407
44.377157888985586
45.663271233084956
45.66327221196942
52.84255644624855
52.84255650579625
54.75974109831296
54.75974238332008
55.27747644355116
55.27747652263815
59.91732764196377
59.917335477237955
61.95765885423527
61.95765912609683
67.3857005452077
67.38570354162516
71.29358573631883
71.29358739124777
74.99283656041094
