2.0650148258027912e-14
3.3897263792813197
3.3897263792813304
5.107188465976158
9.222932961000781
9.222934528996815
12.352027492256266
12.650888300657185
12.650888300657256
16.511630539144285
17.058600105422567
17.058600105422606
23.739693221278966
23.739693221279023
24.30606218979224
24.30606835234075
26.82545551006968
26.82548419276174
36.574418410011134
36.57442633381566
38.645318760314105
38.64531876031414
39.12327362502291
43.46942366576141
43.46942366576145
52.40708650191679
52.40708650191684
52.58822467610848
52.58825238888307
58.25469856110535
58.25469856110551
67.67425352841713
67.67425416295202
68.68319425813866
68.68319425813871
73.66026813660272
73.6602829125167
80.38163998584544
80.38164781408454
83.75474678522633
86.93645980976424
86.93646591309007
89.51841293342589
89.51841293342592
105.31631909162215
105.3163190916222
107.34073920147272
107.34073920147286
107.43004127643465
107.4300412764349
