5.457613527770633e-14
3.1242090068702417
3.159053863289011
5.120138403079128
7.219572148043051
11.223968236625254
12.686295381528524
12.778530501146461
13.152307431995483
17.200010171311792
17.290707332075343
19.84589192844254
25.256712944232074
26.473567644165495
26.59545636449563
26.841822841242404
27.546670156547595
30.17965316547283
32.905869157014116
33.067997004836876
37.332430427562876
42.62516242751485
42.716955699584254
44.42699799917537
44.888813895147955
45.278530167070535
45.82723711840168
46.51474854576229
51.87142611976182
53.341053653351665
56.302842233763016
56.58347966045561
57.60932388104073
60.28553799185818
66.57965754733698
66.82321417782623
68.21294281623894
68.45581446820576
69.09163306431708
69.10018146113197
74.91687496842141
77.61417984223242
77.69917182322357
77.78981453480534
78.28919143080125
79.50456549234379
80.98743554569018
86.8970730421818
91.51359725503778
91.70276109500135
