2.149842803778057e-14
1.4661524802086165
1.4661526785412213
5.766244115255586
5.7662443702184545
12.624992337685548
12.624993286057055
21.649919138446542
21.649923999040524
32.41717214388031
32.41717560172628
36.23783820892245
36.97309240744366
37.71710307712542
37.7171085438627
38.612895604592275
38.612900130305015
42.1091514824675
42.10915270086336
43.54504442534103
43.54504775366212
44.54224161791717
44.542242782628506
49.27910229366521
49.279106646800436
51.79056475980366
51.79056958518269
57.70017674911359
57.70017753670543
59.00998979846096
59.00999686398654
63.32688241269134
63.326893368228994
71.01384254145205
71.01384977388344
71.60473570644805
71.60475736415685
78.01468595032829
78.01469208954869
84.94587715031032
84.94588216241127
85.98030659516584
85.9803344189513
95.54439375860633
95.54439432418532
100.42039845252049
100.4203993833746
100.5458940305958
100.54590994242481
115.01189761719745
