2.955621858369284e-14
2.570934327252351
5.317511365473056
7.078198943288302
8.618268003122177
10.073415757926108
13.803771724514279
16.763777860127682
20.69754558379042
21.385585184164512
21.439680354006438
24.99883523637841
26.19455782149615
27.70652496944618
29.545983688732203
32.53780986230047
38.530065834865674
40.05400978417336
40.448572417561856
44.330778971716626
45.153625608808916
45.53312110909868
46.7814181448571
51.392031679732746
51.573780961098194
53.88223667469356
59.50998976618071
59.93565637770983
62.18265676249892
62.53079549560996
62.91685286090046
64.46257956987415
73.36453758609767
77.45560305044039
78.02329975225935
78.68318131731742
79.4628437435315
80.8610428241276
82.765577744693
83.34263198210874
83.44523837133971
84.45422235011638
87.87213563939545
95.7783144631575
96.77656426131455
96.92344912491858
97.47113786703164
101.25804329324268
103.77403260566166
107.12085977957182
