4.034099443384065e-14
3.780430060114512
4.675431765988005
4.675431950763233
10.324817106933569
13.49710014608516
13.497102367244564
14.806059885407459
14.806061850360527
19.003675440001107
24.187129151820752
24.187129434458576
25.877687658684316
25.877693193384893
27.548830241781896
31.21465985412458
31.214662323232393
37.598531650388594
37.68370364243994
37.68370553092946
41.62130930526246
41.62131544838031
43.77763146047905
43.77765639363089
51.71597644849517
51.71598290325307
60.20704760379188
60.20705042998223
60.69151317074087
60.69153550614285
62.25906440698847
62.651357641236274
62.65136159296403
75.36130599488096
75.36144889863726
75.4241425282613
75.42414436477516
82.97638357968079
82.97649232161022
87.67028382387116
87.67029257438331
93.08786923210947
93.08787149449324
94.59701756445287
95.58989858899828
95.58990705825033
102.47354436456665
102.47356228170844
108.28501478487425
108.28504950890854
