-5.4414805994440485e-14
3.499129872810187
3.499130063276716
3.5034085596742077
8.714278181247279
9.94728873506812
9.94729170804392
12.00294456699306
12.002945652144682
17.00077361019628
18.70710131029308
18.70710491044777
18.931201720515688
18.931204226473504
20.762976629398942
24.85083867540128
24.850843505859498
30.36524216552673
30.365244270291285
32.30203974789123
32.30206632396089
33.32060858791601
33.32060889152483
36.89823093385702
41.02416448662172
41.02416629419145
44.31228136013055
44.31231023224504
51.42431512884545
51.42432330815898
54.90710847566036
54.90712334177762
58.12464977529669
58.124651397629584
59.21628415307673
59.21628545402838
60.793469915882284
60.79349822512664
62.82816740741007
72.93049842427857
72.9305004328165
79.78920936858438
79.78929764809291
79.88698972753018
79.88700524467352
83.01523950373294
83.01525311757699
87.42478779255877
87.42485998678
90.94007833782933
