-7.613701336062206e-15
2.538812982567265
4.927846062704942
6.457744918766919
8.339764461789022
9.949118878297387
12.81854903014393
16.572212563708522
19.120890102575213
19.304233767284785
20.9052922482352
23.604474040200177
25.182147896533934
25.337509905563607
29.515796109391392
31.473963725019782
35.65957634496047
38.87465879920113
40.01665964598469
41.03034213578323
41.36975281672339
44.613680350060065
46.13263795363434
47.044510338689044
48.71096189852119
51.121081279606464
57.10445595430975
59.3655673218979
60.25306646814617
61.18673201463982
61.72177132820473
63.76950326163018
71.1006222734451
72.13632527483584
72.40466151363837
73.3633462547949
78.30308033301884
78.70217926615275
79.65636023596831
82.00653173033575
83.0803349864866
84.36555873132731
84.55832543043144
89.74913551771273
93.05279388490145
94.3170230745216
96.86030142998155
102.16152487034725
103.72400526353822
106.03325374673653
