-1.5456386170953351e-15
7.149332537623701
22.426509274101548
25.377386060883875
40.2510784623623
44.998687761000525
57.072319048001326
70.55269528101833
75.27097010597225
84.55910357225738
95.00923002033194
97.90345919012952
106.11770254155111
114.1622528683024
120.08065041421726
126.9250123462051
134.78199851370056
138.0047554644653
148.83400342480564
149.97876069428696
155.31664660575723
159.9598985706352
174.20809665214674
181.74014022957147
186.7530358792423
189.85118685246914
192.41752670460795
201.39341466092935
220.84333956362252
222.5799776018998
228.4622093656055
256.68514189118986
277.173869440452
281.8963579658834
282.74181038603643
285.07921899657487
290.3245966994037
294.8990651605473
296.96488853059776
310.85804478010806
333.30577635612144
354.5568217774918
357.6534820942468
359.15629606494207
394.1020631989368
396.8715413246935
403.50164664177254
410.33781152219393
416.9672168136999
418.54955600434295
