-4.276266840630427e-14
2.4183360831597445
8.580184848975106
9.547659075692232
10.288680469131444
11.705815646322543
16.887887524061433
19.280958105232756
20.998170052465493
27.79374057318934
31.36082660781106
33.25639349939437
34.35267317360098
36.32077184703994
38.07245502230669
40.6606760692641
42.78679290218807
46.866471896871666
47.37769440278222
51.20517379986301
53.406239021868146
60.99473400668219
61.45273094265595
65.88119864529858
66.33513886150685
71.3251144321985
73.71037240252738
74.1133012456523
80.02625803157339
80.28312976416571
81.19021444362058
83.46138089983242
84.36670542922711
85.52583255253869
90.56383623437672
91.15020946935317
93.3223053845477
101.6399055524164
105.20471318761841
105.23313192474423
106.10176956041407
107.47612324975485
113.19263457970382
115.14548781419747
119.3636615172692
123.76764182729069
128.35497114234437
128.9498455514415
130.5533779111678
131.48500805859734
