1.6226603394287054e-14
3.134315310233132
3.1343153102331454
3.5640026816993093
8.06882422053204
8.501786987213013
8.501791953632898
9.795637123193378
9.795637123193414
10.522745333911224
14.951321487824593
14.951321487824643
15.432533382852302
15.432533382852315
16.04345495862902
21.44369458681015
21.44370236146231
24.21678034484525
24.21678253888273
25.435041664083432
25.435044299830395
35.144370112656084
35.144370112656134
41.06033610213369
41.06033610213379
44.50904157973215
44.50904157973237
48.31226479511134
48.31228108541679
63.739832708150836
63.73983270815095
68.4948176373077
68.49484771699755
71.71932311886398
71.71936008633813
81.41479991673954
81.41480575248193
101.30905480445959
101.3090548044596
103.48951469781402
103.48951469781413
106.59675198110529
106.59675198110551
123.3843317111224
123.3844985347172
145.7518220247851
145.75193920826703
147.59504540942885
147.5950454094291
148.78031860485527
