7.138387103644561e-14
7.800830405598619
26.037913023163423
51.976609359068135
55.82063915677525
84.131676814252
92.92645391764542
111.08301493071963
141.19075810870487
142.789076967855
171.44608602033216
195.42051207610578
198.71681568026673
209.8490907864077
245.10042156360186
249.4411504135102
265.04379731918806
285.7666387010295
303.0432461257714
325.91330138569697
339.59994686138657
358.09078620511707
370.26925242373056
398.17957374712677
411.4399960675899
419.9885570944254
437.7557729270609
462.3477658483688
470.3907316202192
493.71968146696787
500.2234343108567
513.2571041319047
532.8607837750491
562.9095843639592
579.7779695625745
588.192524247507
599.5253045831992
612.8022161794137
652.9577543628756
654.8599226017271
670.9092841789367
697.6188894772556
703.8920256179891
711.9817437853949
723.5943436425028
756.7484374638118
781.4259275010504
785.4663673758723
804.3903226900533
812.3286207526883
