-3.648296942326823e-14
3.413994467563834
3.4139953495397837
5.011230772735781
9.324273396611968
9.324274134999088
11.908944041335698
12.754066537215241
12.754070383143924
16.648491827402232
17.288590982811257
17.28859964890769
22.892860316307395
22.8928651798298
24.713187682855036
24.713189604578297
27.228346586768172
27.228377672709303
35.60034424257041
35.60034462082364
36.11044175448752
39.2513706158462
39.25138518234305
44.07992973219084
44.07994879548023
51.552705476850605
51.552721944410294
53.41286613148761
53.41287138954844
54.69673230888263
54.696740235235374
66.94036204665886
66.94038076976263
69.72477323858281
69.72485613784795
74.51744126755821
74.51744469377223
76.35993381545957
76.35993637174033
76.70685813613242
88.17367309486184
88.17371375906349
88.23979242538441
88.23980146165225
100.87724881117423
100.87726432615767
104.61948583250957
104.61949980399416
108.72935426976014
108.72939186881699
