-3.077399446382856e-14
2.235699508824349
2.235699726175874
7.106819022176699
7.106819809901025
8.934975346567558
10.232989278937135
11.50377080646869
11.50377160725617
13.709682926077516
13.709685084352557
15.022086408015474
15.02208760356385
18.43491876675642
18.434921008923332
22.060818783021844
22.060819758857072
28.27059026873314
28.27059253105039
28.48251709558223
28.482519385509114
32.063648647051544
32.06365053132946
36.823560365906225
36.985587752303815
40.08457268787282
40.08457677527428
40.18760946166205
40.18761252702082
40.743911822972095
40.743915296960694
43.558499609904445
43.55850383653437
44.684266516882296
44.68427002966181
50.127757886150626
50.12776354524812
53.49039590509638
53.49040055857281
53.504766397596505
53.50476861453644
56.353497346026955
56.35350124668421
60.979137534942836
60.9791406973473
65.61313822298597
65.61314272469782
68.32151075506724
68.32151472940377
70.2318220611471
