-5.95148930138123e-14
7.133852099380715
18.12473427886878
24.61936895713435
34.268354431069945
46.28980528222545
52.70757618893418
67.27811213486737
69.15190346488508
82.89420242257181
89.36853363637141
94.03940186387155
112.74042609219103
114.32778468199488
128.0358783854477
139.57435480210373
147.37870128048488
151.49493183116238
163.7130049522575
172.21100575791303
176.1608519595278
184.74109573826223
204.0934153087722
206.98740492455318
214.41513784917822
227.0273029391533
237.86197951339588
249.74858049737756
252.34474302606372
256.7529476806294
275.49678075426283
281.0509280450169
290.56170925687326
295.807784385804
298.20055575210165
313.9685729791074
316.35452205502895
329.9067432453654
343.8976091692736
353.09211402760684
369.58873335996714
372.0690748020152
376.15851033452833
387.583476104804
391.7585734956988
401.1014013855616
405.61411902874346
419.1285881449809
435.6493370898017
439.08324639161395
