1.6150275561344074e-15
3.403190405758046
3.4031904057580675
5.033468144920333
9.284664755924364
9.284669918827623
12.015218058337686
12.71112121268718
12.711121212687301
16.57653817137037
17.20328944079797
17.20328944079805
23.077817469783263
23.077817469783295
24.572282251759738
24.572299089474704
27.08330865298435
27.083311595074438
35.785673380748754
35.78568190443141
36.78012958722292
39.037345585755425
39.037345585755546
43.87120033874305
43.871200338743336
51.655060030999515
51.65506003099968
53.12598658826589
53.126034579593906
55.4448554031543
55.444855403154385
67.02343461084737
67.0234474399595
69.36758632354561
69.36758632354574
74.1622996822311
74.16233137747099
77.12189857805905
77.12191456001128
78.04344356197296
87.75588260636151
87.75600741229776
88.3585458045572
88.35854580455735
101.61609186309914
101.61609186309946
106.01613992278975
106.01613992278993
108.26949777162042
108.26949777162069
