2.0645464504642774e-13
3.170532633188422
10.478431562581484
12.384108310342222
12.38410909630978
21.301711088865712
26.71141616216316
26.71141702564405
34.2314754582855
38.84001743164997
38.84002282750053
45.056972767988526
45.05697427784886
49.21305503315277
65.6594211851263
65.65942550648502
65.66532882753425
65.6653302940685
68.76828526439373
78.1026958968251
78.10274334981321
84.1549557227413
84.15496687080643
89.89108647448597
96.47243229386855
96.4724369477958
101.25135091209211
106.76450057389506
106.76451328692904
118.25652171787348
118.25655780578523
128.0192302082505
129.81681127500795
129.816837424568
129.83187558990488
129.8319270574019
138.28310166414641
138.28311169782728
152.9198482611099
152.91990920804125
162.19770670788526
162.19773154375557
163.08724829458404
175.84584991093953
175.84585913716154
179.61181856442792
179.61184006884218
183.7809136631802
183.78094146779623
194.01322084444843
