1.1140394162723055e-14
3.0680553714735956
3.068055371473604
3.3440708948513818
8.06617230458971
8.273498607935528
8.27350057941535
16.04770647756746
16.047706477567495
16.140850306853032
16.14085030685305
17.215364154932537
26.37881123568841
26.37881228965625
26.660002763198154
26.660019010556724
39.86065824831238
39.86065824831252
41.66841761849299
41.66841761849303
49.48508820947646
51.913301181641415
51.91330118164163
55.71179089058915
55.711849658496405
59.23951716812411
59.23953403741682
61.22229051908675
61.22230606336822
74.14424656643249
74.14424656643256
78.3338063225507
78.33380632255074
78.37631642658198
78.37631642658205
95.06521848153194
95.06533801378765
99.34875291810758
99.34879373437248
103.9196373340769
103.91966349021943
118.36471049816923
118.36471049816927
122.54905335716849
122.54905335716855
124.16175771878122
126.53529608012134
126.53529608012134
134.03965985901942
134.0397228286478
