8.147649221967868e-14
2.5274840499672826
10.011599808297916
16.62295076771756
18.923508901979492
19.4145380746799
22.161812996555106
26.327660958762294
27.004333888011963
38.43878197103349
38.50643394297772
39.30249385967683
54.90740855704191
55.84063532474966
58.374629862416995
65.74781494205605
67.96251019237492
69.25550991764446
75.2373155504357
75.34413202444216
75.98096179408326
76.59842752116428
81.61899746067255
87.42116687547689
89.13990421433537
98.7790687064534
98.95522559370367
103.8483120721242
105.71411957653964
106.2612497646226
123.80542346710713
124.13352491971052
124.79395665247742
125.88310801627135
132.28498674816205
145.29955393295762
147.6368676611629
148.70617331381442
148.90128758223776
149.6305510199597
149.96765947276677
152.34610972804103
156.05658012988172
158.69526482813615
158.98593647014818
168.0793126619381
169.49117602290056
173.52397661710899
173.94639763749922
177.97504799207834
