1.1927958620816526e-13
3.4141046437399494
3.414104643740007
5.008025268413076
9.329577349117933
9.32958387722781
11.897255405316152
12.754024401098485
12.75402440109862
16.63250366056977
17.311250637727284
17.311250637727294
22.87126750267545
22.87126750267557
24.75788459329355
24.757890863862094
27.29217507685228
27.292191697364018
35.57156507391714
35.57158470923045
36.00082229257474
39.394896784728594
39.39489678472869
44.248483094693555
44.24848309469358
51.567831673100656
51.56783167310074
53.69297787667726
53.69300631077465
54.53280782869944
54.532807828699646
67.00213286398112
67.0021481607457
70.22076765896662
70.22076765896675
75.07706094873194
75.07713461643552
76.11464090399548
76.11466481727199
76.22795929668959
88.28460304205207
88.28460304205213
88.99097652245432
88.99106081777357
100.55191296971805
100.55191296971809
103.98987058916698
103.98987058916717
110.00395139474399
110.00395139474404
