1.8018572744971095e-14
2.3706737046323902
2.3706737988216076
3.626011296001887
6.758404701313919
6.758405553892579
7.548025916801934
8.577605982122051
8.577606181254783
13.081771544336304
13.081773000066859
15.890559906523347
15.890560283407833
16.837626983595825
17.44546488123786
17.44546539331726
21.20095070480996
21.259981254415177
21.259983062159986
25.065743195818875
25.065743309399515
27.864099015917073
27.864101713452673
28.71607958480838
28.71608056417142
31.190739934167265
31.190740362502854
36.03968881343975
36.03968897102676
37.66554123153913
39.94044176418307
39.940442390857996
40.934271613318685
42.16324449342531
42.16324668978464
42.3753117520003
42.37531218314322
42.748270324522494
42.748276932247876
48.70879524038029
48.70879737415129
53.700844023657396
53.70084567297028
55.78421265681427
55.78421901991702
57.375325204825586
57.37533524302889
57.56635993933714
57.56636165861493
59.145727857278935
