5.2197829392142125e-15
3.397064182509301
3.397065795833957
5.088103467889269
9.240113793464495
9.240117661968059
12.24016567245296
12.682380134850149
12.682387936614115
16.573639604756686
17.070312210140962
17.070325184325377
23.497857706246638
23.497868716798777
24.314960598459834
24.31497221980416
26.786285832851874
26.786320060767434
36.272435036615335
36.272443539205334
38.23308164113894
38.471067329575014
38.47108988616752
43.20086953920833
43.20089223963238
52.01570245290711
52.015712537369076
52.14719119859628
52.147225108754725
57.21819667101801
57.218214254729666
66.97941038624174
66.9794446235904
67.78620003215778
67.78627411653702
72.68639369070326
72.68650031442796
79.20267592155655
79.2026892500989
81.67153228983558
85.32670088652512
85.32670261987487
88.70159825449487
88.7016205694964
103.95440363892868
103.95442984883105
104.44063812666495
104.44085130716988
104.6828009141517
104.68296344512075
