-6.180819744905364e-15
2.006249712799047
2.006249712799061
7.047464830258588
7.047464924622671
12.30138409340078
13.357052368319955
14.007034709962982
14.007034709963142
14.43380492499405
14.433804924994094
16.541873339535975
16.54187333953617
20.563449942164922
20.563450914734236
22.711388018302184
22.711396053843757
26.498616906381642
26.49861979276776
30.02076421819002
30.02076421819012
33.16230252613775
33.16230252613779
42.06061773585703
42.06062138342004
42.405452453331165
42.40545245333132
45.295030465925414
45.295046222083926
49.71837312980144
49.79555715206483
52.23170569909075
52.2317056990908
52.404595591537415
52.40459559153744
56.1352722193996
56.13527221939966
59.000462935438584
59.00046293543886
59.77570569425817
59.77571159167817
60.49022105739506
60.49022506565757
61.25751938570431
61.257530916491525
71.92523693737657
71.92523809594016
72.24787322614137
72.24787322614151
74.14472859024725
