-7.230327447871332e-15
6.971169005409171
16.093831168409604
23.804008248357132
30.56232836166326
42.04465034176364
49.6888590214273
59.62199538225781
62.723379669519794
76.82164148031723
78.15806214873749
86.36289610083061
100.32802923924339
102.5698485283259
117.3000877690844
124.25658810936646
130.51874431471512
134.7462115423625
145.40474021310308
152.0578576472416
156.91120844391307
165.01685874739584
177.6917488326847
181.13876617523647
189.00437918168754
202.18955029533277
210.22885548005598
218.36116495301235
218.85495710484773
222.16169710472923
237.18028680296678
242.30728569925157
252.85623543633963
255.89800167336205
260.14353287961086
268.2731015793968
270.8042209696987
281.2896838756999
294.9360302380676
299.13897335928897
315.7388835737867
316.5933838147338
319.30770501550523
326.917686845079
330.38194786645545
336.54349106346274
340.7725686829713
353.64676793843097
362.35145673932476
370.391704038201
