1.1945826272619087e-13
3.32298612419091
3.32298617017558
3.5233093958552035
8.556213662662584
9.406589017297499
9.406589297946132
11.626465479022144
11.6264658663606
16.61606817445489
17.86664225070331
17.8666431670375
18.003561193226627
18.00356445617798
20.29794044037154
23.98119182547066
23.98119207660355
28.641093999447442
28.641094054877883
30.661484176867454
30.66148836448831
33.38820171884182
33.38820404276995
38.113556358076444
39.69750802155533
39.69751012486752
41.81794709282537
41.81795144388925
50.971792443817684
50.97179294568678
51.74231135171549
51.74232086363852
57.154233316156784
57.154234239408844
57.45035434351823
57.45037500687146
58.9823357347554
58.982335983633945
65.27215248511898
71.7525117387403
71.75251246196834
75.55881763508309
75.55883077131453
76.94947326948741
76.94947582053686
82.77986396555094
82.77988440062512
83.27677248505552
83.2767730528859
92.93751539248734
