1.560383766641138e-14
2.0011703749997545
7.792358410572482
11.150241718083876
11.15024616335539
15.103251785163984
15.103266128724078
16.581516806278508
22.190165407046212
22.190188322822813
26.320833087733735
32.52028288180993
32.520310450455945
34.19899911719316
40.70942305552165
40.70942773099653
41.92002022231745
45.53953235553613
45.53953417255404
45.76742233015824
45.76745087616602
53.43577585388153
53.43577733303081
53.61925270603388
61.24753244145199
61.247559155080275
64.17560163971854
64.17560554253805
68.92472377902348
77.40672347054408
77.40672824642047
78.01796669114142
78.01798960557382
85.34374032633538
87.77031374341274
87.77033955584504
92.57639813436829
92.57640230395104
93.4970352714737
93.49705105374916
94.97072001461804
94.97073795574508
101.1040248972895
102.5535955369067
102.55359639576658
108.89595017631103
108.89595275280443
110.93062613611485
110.93063869671771
114.31861208968371
