2.934458231962367e-14
3.5065476475427704
3.5065479826664006
4.288786327770131
9.782681241819805
9.782685954414573
9.938554505734244
12.740033297091694
12.740034547305697
17.63165648618938
18.40186058441667
18.401863384050145
19.930421940777883
19.930424975771242
24.51372443386367
25.769036065889125
25.76903883409702
29.290353587148932
29.29037564643649
32.48092344957915
32.48093028911004
39.81938458748199
39.8193879107596
42.545787922478645
42.545789416976675
43.27290896385372
43.27290973886402
47.307334165074856
52.274351472424236
52.27435464759311
58.223246233546206
58.22326834977751
58.40065197717498
58.40066424624736
61.608554241548724
61.608574273554154
69.53929239973657
69.53929973588852
76.33973937205266
76.33975019243535
77.35922470289125
79.81156613284065
79.81157625689129
81.86021032277205
81.86021696496766
82.85505619696278
82.85507624483854
94.06904473033956
94.06906155931621
96.888758016168
