7.258083023486961e-14
2.3232339137495686
8.94009142974028
18.849223480380125
30.564334372470654
42.363196827439346
52.59815513022045
60.052467674986495
64.2819262034606
64.45018663329161
66.30825003295813
68.07747796267266
72.84968590713937
75.2031506418339
82.88726952042526
85.39765047242189
95.13272273992177
97.30520402577321
107.85706859261165
109.17815396629516
118.99547536756903
119.31176421903882
125.93813116746512
126.8675808537245
128.708314733169
237.91184329728213
237.91186076472408
249.3567858892884
254.7483087935184
256.08940969534206
262.46665926562355
263.51822675213185
272.40671894271975
274.7372282620025
284.5655056458617
287.2177213151403
297.2576936612347
299.2778391311373
308.35730471613994
309.1254961043457
316.5554721476046
321.451068347792
321.6079670983952
414.9971007399104
414.99713409240184
541.7772768468063
547.9265511178087
557.4777550395904
558.057424794349
564.4531288291817
