5.873773689657469e-15
3.5353276632538475
3.927938003571262
3.927938372598267
9.21208585308345
11.197700107730746
11.197701606588598
12.852716283801964
12.85271651910166
17.165331040094483
20.554649158950237
20.554656076508852
21.246298555661642
21.24633655384557
23.005740634467653
26.54258783189353
26.542589522107672
33.056537868261536
33.05654213142698
33.49450298417504
33.81826448343377
33.81826851571196
35.87132229171167
35.871342682585244
43.413744687211654
43.41377213374387
48.77938361021726
48.77938797930896
51.2341207424607
51.23412487035981
53.087573332824185
53.793991824854984
53.793995929653285
60.06170743424928
60.0617347949607
62.34826551078486
62.348275523345265
65.90140231196374
65.90142329890529
72.65712699102957
72.65716024851045
75.58416530057283
77.05914724946973
77.05917338183497
78.27963952192087
78.27964998558542
83.38368894481212
83.38371106515804
84.84855459296843
84.84856585499148
