2.5394963909519674e-13
3.429900468211498
3.429901047860251
4.838486357608618
9.421736350162591
9.421737513779622
11.2698995626367
12.788015750604727
12.788017148009235
16.811155958160388
17.545028481457365
17.545029067154964
21.789576733848524
21.789580466046782
25.129920254570877
25.129921243096433
27.73356238849043
27.733567446039075
32.06153478067136
34.24286508286786
34.2428689761544
40.105449846547685
40.10545422133558
44.53890188010046
44.538909777516075
49.586402855771254
49.58640861539774
50.631193945234834
50.63119658472792
54.73235698734932
54.73237830356955
65.20686723939949
65.2068712861512
66.00951803896919
70.09292144291015
70.09292515315602
71.64775610184914
71.6477987597059
76.75822881892405
76.75823783266125
85.90664154521333
85.90664223194267
90.86386667030774
90.86389395994999
91.84218489817674
91.84218917525729
93.39672635361295
93.39673129218734
108.68216724610977
108.68217988770922
