3.0617869350990645e-15
1.9974361629628488
2.000868204858553
2.0009037015195994
5.965062737275455
5.982193457580045
5.982761690559193
5.994612525159237
5.99489417378985
11.850621920242448
11.902809807332886
11.907319991810734
11.938752955379641
11.941983210868594
11.954604322642792
11.957105728948711
19.581134066688268
19.700487094687812
19.70659074511532
19.773265640185215
19.777375513968224
19.831300285941825
19.836988943041195
19.842925799234102
19.859088786570318
29.05971978811737
29.282208200285346
29.304502556095795
29.409583334070515
29.42089207848148
29.54046584983557
29.56694512850201
29.58430609316392
29.593669932741964
29.634167322490626
29.66139285769867
40.175018404607066
40.543528748931486
40.56650556281331
40.74539596646732
40.77710072756737
41.000736627473586
41.03426529365614
41.057273132977706
41.07939812315807
41.22754516594925
41.23822482271475
41.250936331114666
41.27435047171345
52.780790947587164
