2.8253770850694693e-12
8.117653471755668
26.86599810936951
55.417630891636456
92.63854629973977
137.0818922555871
187.0496607486344
240.66411706410616
295.9431272271032
350.8731116682614
403.47455315655094
451.858441707162
494.2730831339749
529.1435862262425
555.1028042274553
571.0151594077155
594.9744306050162
1753.7267638228689
1834.6821689401702
2095.1788059648
2168.9424620009722
2249.225801822538
2482.5357409755093
2483.391241063374
2856.7022438150107
2859.909652896288
3338.7392695559406
3343.3149917031087
3367.485789130579
3972.3181319378996
3979.025714419791
4827.688658371652
4837.92892053097
6020.941625279765
6037.336212025168
6711.994066798884
6774.912638374549
7264.973597610211
7755.21760912949
7762.499888151001
7775.989996583409
7783.174110688201
8779.09836122293
8941.28609299708
8962.098735630896
10411.87227835472
10423.358514812106
10451.995709157782
10463.570919668324
12319.684080012252
