-6.229392002232714e-15
4.112906839126629
4.112907917315705
4.128895086004863
10.253878747586459
11.697234440799315
11.69723828200954
14.12507186957288
14.125074334364873
20.013171435526466
22.000160125617285
22.0001651416448
22.280505795423903
22.28050849631564
24.412916630833283
29.265969286632878
29.265972449983064
35.783298220432975
35.78332721502215
38.037140559492734
38.03714652440082
39.28609739166118
39.28610192452348
43.59909870294325
48.33234850791893
48.33235115846092
52.30704291994067
52.307053054404
60.625004485378554
60.62501171759747
64.8941466078072
64.89415180992056
68.62608932384352
68.62609559171645
69.81068959702893
69.8107087432993
71.91084100727373
71.91088177344677
74.33420141105361
86.0046502874635
86.00465085267156
94.28541962182543
94.28542462055535
94.61333159408146
94.61336608456419
97.99199967443506
97.99200648707345
103.8323707431258
103.83243893051156
107.50733224828795
