1.1309182756935598e-13
3.388732331409677
3.388732838541404
5.102374683210406
9.222305400520467
9.22230685126275
12.336004438888109
12.647889954327905
12.647892833583684
16.502929307927268
17.061689590459324
17.06169868159047
23.70897790496043
23.708983892592002
24.316043120622677
24.316057912269038
26.838422305921277
26.838456173429297
36.53782694450814
36.537833454168386
38.67756954103784
38.67760391169214
39.04003912032284
43.51278075797821
43.512781259905225
52.376744225751594
52.37675247316228
52.65335600802368
52.653437417170636
58.15139036886522
58.151398055769214
67.68677194483894
67.68678566617568
68.79991220780437
68.7999846905021
73.76516268410936
73.76517084070348
80.26199557364556
80.26200204996404
83.57222317450889
87.1295571213364
87.12957938068078
89.49971506619522
89.49973828589343
105.18633228898817
105.186350859007
107.6418950691494
107.64196402894953
107.77999705635982
107.7800481766185
