-8.019626629440779e-15
2.731802451651045
3.3981966823766863
3.573443860062629
8.087264087200852
8.551146134193633
9.888568661747676
10.256116732220773
11.849189891435838
15.484276884585801
17.701988009060816
18.410595860437187
18.77724941935713
20.10459389210823
22.88080018923719
23.136093095657408
26.838978603324666
29.071244449156975
30.202289737983733
30.906673932457792
31.244530396240062
32.384119631308735
32.97335559479999
39.27656039814683
39.63828368390409
42.14956092804203
42.66392456237021
42.88831069527091
43.49800040792727
47.188612296045605
48.66231354029016
49.19744334130649
49.49771282285468
50.041534854697304
58.19902469401335
58.57664192660534
59.97211484017992
60.154031620271766
60.90126191530726
61.269767948855666
64.47259329543208
65.63707257784081
66.12322580423827
68.06568741536391
69.59962044369345
71.11036708366977
71.97581274959381
76.32932612195849
79.31488509148248
80.16077690597909
