4.2918793519142184e-13
3.292720656532853
10.87933198977867
13.450047889851312
13.450047889851437
22.15495136796253
28.63469634118115
28.63469634118118
35.76440361020334
42.33240457206025
42.332444890997984
47.93489866946288
47.934898669463
51.26842008630763
69.79240829437875
69.79240829437884
70.80654263725145
70.80657702241538
71.02343248811789
85.3499775015494
85.34997750154956
89.84010735863714
89.8401073586373
94.02504548739554
103.19832249204653
103.19835618716692
107.1069017723538
112.4730270021982
112.4730270021983
127.97597418546516
127.9759741854653
130.3116778031038
138.41347021403686
138.41350664848048
142.24359140190663
142.2436947464918
143.9645544618274
143.96455446182782
164.32556287695917
165.53797556296323
165.53816465192082
174.0548168378427
174.05481683784296
181.47348053757065
181.47348053757187
190.19965252849008
190.19980289160813
199.47078858737132
199.47086899959135
202.8187879992064
