7.821868153179423e-15
7.767089181429851
24.76300280380792
48.30379479737641
74.96561668730047
101.08231370605465
123.20278898793214
138.43874033123674
148.88748883283012
158.2147877824242
196.57763904253449
236.7695025759911
278.3480926120882
286.66672584126354
365.8119488917471
369.70349466320715
484.0242830555102
518.3619732254234
528.4704714270624
581.0331168260784
644.1322172848329
670.0619203943261
835.6278018051037
844.9358033893947
857.0592258304364
866.8525007954195
970.2305946386352
1153.1140379571536
1179.2897648299904
1203.2660574924128
1300.8228956804676
1324.296831585716
1599.3569746927267
1634.7531129084769
1675.3137986193638
1692.7492080665738
1715.9626502759713
1737.8284709526083
1778.5603817534943
1929.3231228174402
2079.3841389631134
2158.200377395826
2271.2611360955393
2295.911571388829
2313.2674287222444
2522.885936338185
2612.8125184359837
2626.4519139260956
2756.581241560278
2793.896930249593
