-2.1007501294079134e-15
3.6132241588268514
3.6132248365471455
4.641949866478739
10.018281090762038
10.018282723337542
10.71232286421755
13.305752338152471
13.305752905628793
18.175582420313237
18.7436730057584
18.743678102895103
21.220140098243455
21.22014413333455
26.61898872202133
26.61901061862531
28.037350786050542
29.666350960605495
29.666360081206257
34.15010247587049
34.15011437532288
42.82882205282498
42.82883778729999
45.16290798342782
45.1629123867451
45.70782270682229
45.707827310622946
52.74734012927558
52.747350595026525
57.23227616825774
58.21187749380857
58.21189924604038
65.56392606018335
65.56393551075124
65.86512977132239
65.86513170147416
75.73931726651665
75.7393483955417
81.34104261897063
81.341080519941
82.90493143185533
82.90493746818977
86.82641177217234
86.82641877677122
89.67749108259115
89.67749791877496
95.29323456634432
95.2932465840518
99.00146460251997
110.2392668962115
