2.3385807179643336e-14
3.7674707369955476
5.017279147588044
5.017279147588064
10.585784073200251
14.59714726646606
14.597147419052448
15.459572322087949
15.459572322088002
19.177036614716595
25.713512132233557
25.713512132233635
28.16782780500743
28.167827805007526
29.493989546449836
32.933821456644985
32.933822397396
37.47977503397039
38.6397640872877
38.63976408728779
45.60137765070113
45.601450929566944
47.674491551088
47.67450546579858
54.90137377085502
54.90137377085514
61.41230459346359
62.54617050558316
62.546172518176206
63.33589916334004
63.33589916334013
66.95962525819209
66.95962525819215
80.68311002884369
80.68315113862903
83.13131421686407
83.13131421686415
92.25177002656659
92.25188168781123
92.617401217063
92.61740121706312
93.4217327829317
95.49824128978806
95.49824330425109
96.22947648468043
96.22947648468055
110.48377425820927
110.48377425820934
121.43172270152897
121.43172270152927
