-1.128958038165706e-14
2.6405144756349688
2.6405148605679143
2.90052682497686
4.247603701425667
6.871479330133692
6.871480639402099
13.897785984956482
13.897791720760527
23.68160897345462
23.68162965297725
36.170274230069936
36.17027958136383
38.009792977182606
39.35846564492562
39.358467456127755
43.75919907111182
43.759201968307444
51.069693317996126
51.069702661303424
51.29643109702914
51.29647191103964
61.253981592440816
61.25401082023587
68.97852255442623
68.97857425621476
74.26199520379461
74.26200201803212
89.12108584226638
89.12110310096608
90.02969881202552
90.02975051939423
108.4795977543021
108.47966017236234
111.61519153058612
111.61524934614816
129.5209791899294
129.5209969229516
136.3392005388488
136.3392412248749
153.05031751214594
153.0503887070655
163.1591871351097
163.15920037598528
178.9520420652454
178.95209022083006
191.92972322387578
191.9298004245004
207.09883336965356
207.09884126190968
