2.682229438555339e-14
3.391610838849521
3.3916113960010827
5.091897574522446
9.232247384949495
9.232249111551537
12.282493786110255
12.660885965979727
12.660889683943777
16.518904354500744
17.079690261034205
17.079694370911433
23.59634835220405
23.596353723252797
24.34733217916768
24.347336230066386
26.8596066337634
26.859619011852274
36.40272378980578
36.40272758188064
38.638109304363226
38.68911665948925
38.689119694694774
43.51211375353309
43.51212627767321
52.22939704773113
52.229405166384275
52.63289129510039
52.63292068895815
57.67887808448636
57.67888518826474
67.51320041182663
67.51320595102459
68.71356288205163
68.7135921722185
73.63509277226869
73.63510111277958
79.72429136160844
79.7242971892771
82.62662064873855
86.9299492440059
86.9299579228648
89.24465393444936
89.24465482076158
104.57901655924199
104.57902529422748
107.2660922733537
107.26619209079004
107.3655957691076
107.36565633651375
