2.442143709480149e-14
3.0249739823359723
6.021326030895069
8.823461190226148
9.272635696804535
11.967821091511096
17.5961715498128
18.423500865556974
23.8150166321099
26.05405939505481
26.355531346247403
27.944495374601562
32.01021075978911
33.20010893241851
35.07694410314563
36.50634137821044
46.256747647659324
49.415762675861
51.268449480831464
51.6756683650987
51.71763090647092
53.92511226417104
55.22773769294761
56.93989609927545
63.87827317001904
66.63871387177777
69.03430605408325
70.18776079936136
70.9751390755347
76.0926315115243
76.16701091464226
78.13635232196486
82.77852509410769
91.71582643364766
93.24324373732382
93.38618879610061
94.79150188526117
97.59783814704947
97.67482450126626
98.8321938023177
98.88137380102398
103.3323979689193
104.68046580625082
106.5353831199017
107.62813344946655
117.46798559840408
120.79277619307716
121.78508552885518
121.84348876461266
123.21340579265804
