-7.11757042193284e-15
3.391964505982728
3.3919651858544606
5.111861765617559
9.224760597744723
9.224763612751246
12.357270162407843
12.657719684572724
12.657721932172537
16.528001954459285
17.051498826813535
17.05150479079948
23.73964431173391
23.739650522195323
24.285054047374135
24.285055174604146
26.792188096108337
26.792191880348454
36.555430948814326
36.55543402804573
38.558067360297564
38.55808713521856
39.026381424642075
43.347581060425036
43.347610220971106
52.34127537292226
52.34129257065296
52.40607861282029
52.40611770223659
58.11928244251663
58.11929233448649
67.4811837577003
67.48121020759083
68.34915927791086
68.34922146604592
73.3163143803461
73.31640328177477
80.15981875316015
80.15982816705448
83.2454212177132
86.37466080739502
86.37475261246301
89.29318454388174
89.29319723708898
104.97132995107235
104.97134499707353
106.42812302271955
106.42819351205287
106.45343836128015
106.45358458035831
