-2.905661822261152e-15
2.4061464565797976
2.4061464732123237
6.3208610754507335
6.9311496871897305
6.931150216319704
8.065015331114493
9.657804656932223
9.657805288315673
13.158128413707853
13.1581289210151
16.431315554416944
16.43131624267525
17.18451991884363
17.184520626523497
20.91226694482643
20.912267823031893
26.477197108204916
26.63316149754291
26.633162193493135
26.883011729710372
29.902941339405757
29.902954456409454
29.94721175317562
29.947212666747568
31.860124473806707
31.860126946958562
35.011934821806804
35.01193593302407
37.475161932484035
37.47516724027781
39.78325420409769
39.78325536511181
43.07495203457626
43.07496007958904
45.465445649628556
45.465448566002685
49.39046750223264
49.390488908118805
50.16542681119678
50.1654622164233
57.14521082673619
57.1452310336891
58.4390241469023
58.509176606290666
59.89494481870345
59.8949514105848
60.63694716525031
60.6369858267749
62.00974840301773
