5.5446966462646685e-14
3.3912543133072983
3.391255404602064
5.096038857876205
9.229444807980698
9.229445886870462
12.28799197013608
12.65509870163422
12.655103344781054
16.50203216082067
17.073405913169648
17.073410899235405
23.591875534581582
23.591881793118237
24.334746068150974
24.33474950858993
26.85203582081496
26.852041757101524
36.34299521169942
36.34299547553035
38.421528479832276
38.687421774563255
38.68743884051544
43.50937105313936
43.50937317472578
52.10181918110285
52.101824073781316
52.65033128427284
52.65037672605449
57.31458623802441
57.31459602881721
67.36814934622647
67.36815432053176
68.77067179848548
68.7706947549314
73.64027919614698
73.64029414930467
79.06593816977644
79.06594032240673
81.2006131386649
87.05575194509649
87.05581392264762
88.9003248235721
88.90034065231089
103.55462271470901
103.55463451784686
107.49958083400779
107.49962955601465
107.66940594697584
107.6694313374637
