3.083644450896372e-14
3.3583420319386295
3.3583431787743496
4.111751479074647
9.369836384211261
9.369836406356507
9.545867818843247
12.23661535256873
12.236617116724558
16.966210452435348
17.621055260917572
17.62105871620588
19.171527336547342
19.17153659883946
24.018545294705305
24.775139427545145
24.775139559498083
28.029657069082663
28.02965863108762
31.285546542787227
31.285547512762406
39.20596234526993
39.20597338885603
40.67137790354365
40.67138356247427
41.897522660999634
41.89752552998147
48.015351382057396
49.99199227077469
49.99200518223851
55.576407412336444
55.576467884702744
57.84311174559136
57.84311217114894
59.894475624284645
59.89447672007841
70.76681572448797
70.76682953159957
72.73368284168356
72.73369073575978
78.7437604501335
78.74377449138152
79.43744911759023
79.43745598401203
79.71387076346836
79.71387771211806
82.07830738874237
92.10462809516403
92.10472297537596
96.52044962784689
