-1.829786322460336e-14
1.9496574567300597
1.9496574567300713
6.994952290819104
6.994952353460999
13.311399017701325
14.068884634798554
14.068884634798586
14.333563908726264
15.360881543193402
15.360881543193422
17.274286513954813
17.27428651395486
21.31036324687148
21.310363939711017
22.932700767795687
22.932703458453727
26.50772881909159
26.507730989315515
30.642101732116465
30.642101732116686
33.61401883920164
33.61401883920176
41.775950785158265
41.77595078515835
42.730911059988266
42.73091214953083
46.10088819789269
46.10089391881312
54.012526532416054
54.08058861932691
56.38633748214052
56.386337482140576
56.52560371317455
56.5256037131746
57.06554629348401
57.065546293484054
60.33943224671912
60.33943224671915
60.907764452721835
60.90776934932879
63.52620416005997
63.52620640177593
64.04424734611905
64.04425144149656
73.32870448358274
73.32871304485076
75.41523279114179
75.41523279114195
76.25401268932241
