9.492233388197491e-14
2.2574249204675434
8.937908154506571
19.772448065956386
34.333935675203556
39.34303873062997
39.95782065420753
43.88542551450562
45.93850517831757
51.979402803436514
52.068429039986626
55.81969397947981
63.82144877819764
69.41903103614787
72.33562512519123
79.23810444113519
86.4120976867147
94.45258244278105
97.76721985547299
106.31571446565174
117.7266554647973
118.75778964843133
128.49618135826128
141.44775335555622
141.46081696771358
152.197369174566
153.28885525059448
153.35918076962446
158.85902855406346
159.84928128042375
164.84448464611526
165.0258048803928
168.21271453964783
170.66163688716603
176.5776964346353
181.30161901965212
184.25027472805843
188.4462244747409
188.68641665732423
197.89037048950996
200.75387079096092
202.33058105768035
209.4226432751741
211.67113738405317
217.53432183891724
222.87199858533546
223.84522616696478
228.44286230593337
233.28874460327398
239.60564583124324
