1.3163081735712012e-14
2.348694399485013
2.348694404255541
7.082046422576514
7.0820464993578
7.374372013702327
8.877243979838507
10.305268853065508
10.305268940874925
13.656225715915163
13.656227296186463
15.329825847308946
15.329826112633194
17.676536912210818
17.676537171540044
22.119783714050524
22.119785624318467
27.585255815199663
27.585257779427696
29.790339128614757
29.790340277430424
30.668916436226013
30.933984666640548
32.4128137491525
32.41281732882621
34.89861953573655
34.89861994053638
36.2367767439291
36.23677804933697
39.40212276505043
39.402127171626574
44.35722909198959
44.357231316347544
44.44946250744582
44.44946891313129
46.87735610595755
46.877357953396526
52.994775405605594
52.994777175210345
55.50431431628909
55.50431912073537
58.127654675262676
58.12766026764351
59.86098881822631
59.86099161498647
63.80412783402775
63.804131573193004
68.27561249594177
68.27561568301151
68.35103461431939
