9.939965517347105e-15
4.046829664411267
4.38403007863932
4.384030078639345
10.427973836552257
12.547206200636776
12.54721315541899
14.605595764023118
14.605595764023162
20.015898881667045
23.099811100761315
23.09981110076151
23.97617897510239
23.9761789751024
25.671389420785108
30.456650863345416
30.45665264490886
38.56007197292358
38.56012157601702
39.021259956628434
39.02125995662846
40.7464317385429
40.74646107533325
41.52389997889623
50.28951098164799
50.2895109816481
56.36700145963623
56.36700145963645
61.128912873516434
61.12892729547848
66.98629675746471
66.98629675746476
70.08949767629541
70.0894976762955
70.24698629421252
72.9570773126369
72.95710660261899
77.41385521135058
77.41393749434724
87.66388685663998
87.66388685664002
97.23717808325384
97.237189760202
98.86352650978877
98.8635265097893
101.6667265459247
101.66672654592477
104.02485755072944
104.02485755072952
107.79268862270426
