-6.6682770416548465e-15
1.9721026943272606
4.5224467710166545
4.5224482574206935
7.160570138112247
8.002817929643712
8.002822081756063
11.522182400064612
15.111221317400483
15.223674204429788
15.223679792659517
15.47896758115524
15.478967789865408
19.72458690415216
19.7245884301326
24.33002000285329
27.223040188023365
27.2230460567263
27.237417081910145
27.23741942332497
32.92429553219163
32.92430570369673
38.245067700997936
38.24508260081197
39.05140219411101
39.05140450008301
40.982998222900854
44.49955232821871
44.499557977030335
46.53241565316304
46.53243512444896
55.9348086407288
55.93486534998705
56.00424700222426
56.0042488745879
58.32464186033225
58.32466248672656
62.33782682447862
62.33789356648055
63.383324366584304
67.02223023930127
67.02223549769673
71.8642711812043
71.86435199174394
74.7868497188554
74.7868684937223
78.246244933404
78.24624635290681
83.43767677562975
83.43767956747618
