-1.4051260155412137e-15
2.3919677739016074
2.391968113915029
6.619035900426278
7.018724480732791
7.018725618192941
8.283699447743986
9.811090171788042
9.811091270822597
13.49128687739412
13.491290135887606
16.007630843375434
16.007631657414002
17.342184814107345
17.342185614341908
21.78956763029809
21.789570522097524
27.10641351320023
27.106416929728496
27.753140047604603
28.114333986171534
30.016975706780546
30.01697807879492
31.80169420971245
31.801701356796045
32.71089253652543
32.710896004898714
35.11029623352233
35.110298063582995
38.64312459183299
38.64312571588893
43.38665634226642
43.38665691853496
43.73798272639664
43.737988061707675
45.91315670073217
45.91316050778657
51.81934030179421
51.819348054342036
56.378966697627966
56.37897008109308
58.720934919296624
58.72093898660656
58.84089272510506
58.84089618180772
61.798439564060224
61.856945871057476
62.97426547148003
62.97426801496491
66.49083102244775
