7.337880303381894e-15
6.304597783921704
11.000009079573264
21.060223113252807
21.55924615214624
29.24533635929492
40.31272145704653
42.279064786156695
46.534402724221344
51.47396486303319
56.045905751968085
65.58138718906986
67.17738477142163
75.73807199154832
83.5328371814687
84.00257968680175
88.25992790911819
93.03452452979504
95.67874346906626
101.44673838733182
107.01990796848258
110.8117541140816
113.44682324320368
119.71921694082866
122.93334825959235
131.19543737700616
132.22411422614803
135.3609507756578
135.7458465942592
139.57645030572556
142.81103307543358
145.53876499210318
150.26871717168612
151.29471701179395
152.66814719075944
160.84130968527725
161.67521193880125
162.586606402404
164.65020771401663
169.44985771513598
172.78797232453888
175.2674999013706
178.67478324400687
187.04395446537725
191.47302692391077
192.8341730321255
195.66726446896325
196.7216819043011
201.97833952441314
204.03686220980464
