2.4110921592601642e-14
3.3990356717053807
4.197533380239572
4.197533380239584
9.25894293973744
12.146169716493626
12.146170571858702
13.302755407767064
13.30275540776711
17.058261712188056
21.7122806893926
21.712280689392692
23.374953749088714
23.37495374908875
24.6004755117221
28.099520829709856
28.099522584587014
33.76322343382028
33.84046743403284
33.84046743403291
37.79644891873178
37.79648017538245
39.63277659261032
39.632798063066154
46.63092334420992
46.630923344209954
54.123898797130195
54.123901178931874
55.492651535697014
55.492651535697235
55.87561506714648
56.24357395899163
56.24357395899178
68.23519932513034
68.2352205349036
69.18998890575509
69.18998890575513
76.50664408577049
76.50664650739738
79.10630745181837
79.10630745181861
83.57507214853914
83.57507508347902
84.76009624983143
85.72100856862431
85.72100856862438
93.17033212534824
93.17033212534835
100.84110547162192
100.841105471622
