-7.81839870622747e-15
7.692835936381717
24.52421233861229
47.832725285097254
74.23360457836486
100.12966728725516
122.19497572766407
137.73812451524114
139.20811062802198
148.70750182959438
162.2940446047407
210.51278365205405
237.3942854148686
255.38416629402963
315.700045072663
316.3298190377253
334.12123533909096
442.2364810891649
445.33121638871523
511.8785356883458
533.4878538331286
592.7935680211641
709.0976918989757
710.0330538605867
714.8709259168796
718.995492355028
738.4553719988506
967.2300606897625
984.9332505881979
1061.2796417902655
1067.0803512469429
1142.7258360013395
1148.8489645126365
1407.0025834994171
1409.5755296122602
1413.1401195321073
1447.8850881484998
1451.8834296398993
1454.8588532810604
1663.8833810468557
1700.0885378727091
1744.8013937641738
1818.8383145628682
1822.8307900457457
1900.8140997005914
1972.3427495624435
2227.6493606552153
2244.687213240743
2329.8127215635864
2350.608083763656
