9.194034422677078e-17
3.394521567420472
3.3945215674205067
5.114837716897253
9.22508901911242
9.225099771829369
12.355414981350592
12.667601428213283
12.667601428213324
16.560586950360946
17.033504242041154
17.033504242041165
23.726661808153608
23.72666180815366
24.24169415482554
24.24172054488862
26.721504970190445
26.72154625284729
36.53670454090796
36.53673354469512
38.3776414149276
38.37764141492768
38.962490055601656
43.0985284482786
43.09852844827862
52.03051300623121
52.030532610654234
52.27411486363449
52.27411486363454
58.06882503228023
58.06882503228035
67.139258701257
67.13927942745053
67.658806103777
67.65880610377704
72.6785886186998
72.6786133183943
80.13193797422485
80.13197818994887
83.1992702636566
85.20924897784539
85.20941303147984
89.04533982462239
89.04533982462264
104.33313684623059
104.33313684623077
104.60603579072044
104.60603579072055
104.94286211481672
104.94286211481678
