3.595214403961933e-14
2.3065577899592786
6.536306667240247
6.536307060069671
8.237093592967119
12.773943004844815
12.773943918206392
13.555448220944548
21.032646292582566
21.03265270542986
21.469063387098284
21.469065450838755
22.706505380231132
32.53347516527747
32.533480789323775
34.13305540348083
34.133057426058905
37.13463787694078
44.02030769356001
44.02031241101991
45.49507109034076
45.495075533772514
51.252036248049144
51.55160417516235
51.551604429892045
60.44284483989333
60.44284496581103
60.8959620509583
60.89596640308729
68.6367293775356
73.75552484683209
73.75552815339925
75.3856914985523
75.3857173589229
78.2913372185062
78.2913425086038
79.1209781768447
79.12097913064785
93.60617955763877
97.58689156944303
97.5869136044588
98.80817226256414
98.80817529865998
99.92409340969245
99.92409889174209
100.37411843732943
100.37412335143908
114.83096320689559
114.83097473018707
120.21167914601558
