1.2621848011207248e-14
3.025833631932186
3.1198875755895465
3.236606708449536
8.340350606421097
8.64101522039081
8.881109649778722
10.377375310961044
10.775277594775499
14.797886664587644
18.753004250228866
18.883405030424278
19.184525523392985
19.806899712070432
20.03553884204906
20.179039738687706
27.617280840023618
28.093680900400315
28.675966488942635
29.14768889599589
32.31079349577872
33.325863446823895
33.381889017168284
34.24584101774429
34.475185599901096
41.14821786126224
41.54562617764706
41.75552539582403
44.51921748264742
45.53747987475707
47.53434960871135
47.79839384328246
49.16121350149504
50.658560161641425
51.771648483466564
52.10550352996403
58.03193056142387
58.52376960379721
58.57852851703027
59.02684433197265
63.37363087521255
63.736334609081695
63.812546145433544
66.30337018089082
68.40290868774122
69.30623057323706
70.2885075822346
71.98728545066689
72.27760369954169
72.8818688824844
