-1.6158949178723958e-14
3.4469377403828383
3.4469388438640696
4.194368441638612
9.611118037866822
9.611118884966675
9.761389144545946
12.546296985124297
12.546300556552701
17.494669099662403
18.046690125129572
18.04669823013038
19.637046297299506
19.63705060556399
24.557103749613848
25.354693485134124
25.354693990046776
28.632947408130114
28.632970521771373
32.0384193247876
32.03842695084729
40.1967375731245
40.196742694771324
41.4002544274961
41.40029008743798
42.87586857510979
42.875878064283945
49.45419817522599
50.81969748458393
50.81970491668649
56.32077780928355
56.32082419135643
59.483723068303675
59.483727452147384
61.346182040351806
61.34619670189187
73.10507071158635
73.10508139979777
73.31180549048779
73.31193682986184
79.04531153102283
79.04536596027275
81.54958782249375
81.54961158870691
81.82322989927812
81.82323834172713
85.59139467141324
92.24960946991871
92.2496567372876
100.06566124167405
