8.033504417248594e-15
3.467170422265062
3.467171042203082
5.014843733230337
9.458455396801458
9.458458123375756
11.795959916924666
12.947037994286129
12.94703850127256
17.05782580710651
17.478462047507374
17.47846939097624
22.700554481974102
22.70055740227436
24.93222816068323
24.93224414552493
27.367924586952377
27.367940096659353
34.81456001527262
35.410140128996794
35.41014999303326
39.13396953186751
39.13400953280544
43.74779216214584
43.7478034678209
51.266196888767176
51.26620728474272
52.70722331576836
52.707243634934265
53.304820883620245
53.304827069690496
66.1676920680184
66.16769253553132
67.94734095665673
67.94741952178538
72.41511193381736
72.41513764246494
73.57443394707393
74.91025952890163
74.91027014630573
84.65670942817276
84.65679697989403
87.31855988006767
87.31858592700799
99.28853557436719
99.28854977359306
101.3294441827109
101.32945379880657
102.05280831170127
102.05287933926235
