1.8811341373492496e-14
3.3990915827199366
3.3990918979594396
5.0629483539558695
9.264265147272434
9.26426866884023
12.140998375759699
12.692443657045667
12.69244622629193
16.545633265564835
17.154983622733063
17.15498776309598
23.31211859800069
23.31212049463164
24.483719361236087
24.483721507005463
26.998511156015624
26.99851299630243
36.054341885993786
36.054348119308635
37.55653555073172
38.912732059304865
38.91275591563401
43.754498847993425
43.75450298224819
51.89354997476169
51.89355628029711
52.964131809467744
52.96414453128206
56.35599256676147
56.3559956705532
67.2613952998742
67.26139897604787
69.17772362244122
69.17775500657964
74.00604594019765
74.00605895175252
78.12827871080127
78.12829062544058
79.72448779253467
87.55528943554265
87.55533459044874
88.71443282620766
88.71445084856062
102.69892792652323
102.69893544643254
107.87687152712196
107.87687743795072
108.08430380585361
108.08440765371142
