-1.6479873021779667e-14
3.4029468358044346
3.4029468358044475
5.060046748499141
9.271458119164667
9.271461911055786
12.11250986160723
12.706774564128697
12.706774564128805
16.581051100634276
17.155930808019345
17.15593080801936
23.249874824096594
23.24987482409669
24.475424228019477
24.475436836528974
26.969045406913036
26.96907711402539
35.96922883492641
35.96924134187543
37.28074488896786
38.81038683115914
38.81038683115928
43.60486183734562
43.60486183734603
51.75797874743836
51.75797874743847
52.72365718050865
52.72367487104257
56.028917034404586
56.02891703440461
66.99331851376868
66.99333131997517
68.70643629454635
68.70643629454655
73.47881903083092
73.47888995115595
77.73572017874284
77.73573598550504
78.99224589714856
86.72796224322339
86.7280697337614
88.38343180784042
88.38343180784062
102.21162487921784
102.21162487921798
106.73844418845206
106.7384441884522
106.81499405639482
106.81499405639555
