1.6981901995727355e-13
3.999874807702742
3.999874807702774
4.25133900963988
10.315751410958235
11.318049929962358
11.318053895633245
14.005069599450607
14.005069599450662
20.021969280336933
21.488083190562815
21.488083190562875
21.68500408864896
21.685004088648995
24.476770682525245
28.87218299264163
28.872184223179463
34.42924243001951
34.42924337036198
36.88567596314351
36.88568082275659
40.277572755890326
40.27757275589037
46.02838971683818
47.798791193498715
47.79879119349885
50.239900521757065
50.23990052175713
61.453388561283504
61.45339232692138
62.13105552438736
62.131055524387556
68.79392092076903
68.79392340052344
68.97438604022805
68.9744639028461
71.17717439130028
71.17717439130045
78.82708645125216
86.46210314063904
86.46210314063913
90.64573757415117
90.64573757415143
92.57314135454746
92.5731413545475
99.24123011592629
99.24146233841968
100.43684883004352
100.43685776986881
112.16221363223755
