4.893654925730573e-15
2.359288781241972
2.3592888022714313
6.98934523507705
6.989345633895594
7.215755081229375
8.763896235227387
10.222331041233033
10.222331101235962
13.282350584979392
13.28235089346748
15.554994057661762
15.554994174188657
17.590657421918426
17.590657960767423
21.119125770497064
21.119126787002784
27.195327194053394
27.195329616892206
29.9625381972164
29.962538671496677
30.117915530917728
30.231973070230605
30.23197397060091
30.399821619166513
34.53670238282966
34.536702455687525
36.06559910151884
36.065599229605276
38.26781173069177
38.267812395526065
40.29275321365336
40.29276440205315
44.01344359417541
44.01344407443039
46.79704226796533
46.79704280735298
50.45998641216602
50.459986469061676
50.9325188667628
50.93252528567672
56.416718255096725
56.41671961196111
58.620266323233864
58.62027020810644
61.756055987644636
61.75606775963708
63.4193298744042
63.41934431870681
63.48438515239887
