-2.5673907444456745e-15
3.0260190362314496
3.026019152367875
3.3503911456655704
7.218078495510844
8.171734557980637
8.17174541211866
13.71029289554513
13.710293328603772
15.711597188333736
15.71160064105063
16.24015495801232
23.581650543216874
23.581665087400086
25.29932067044971
25.299334826878717
36.46639142581607
36.46640513240472
37.2111384400428
37.2111467712766
38.33825638088849
40.60745404557235
40.60745591733546
48.60837002475572
48.60838819453431
50.348833095394895
50.34885998828966
52.16504347186977
52.16504766531698
61.04666230135042
61.04666960224032
67.38565342580078
67.38566807373677
67.81890353506577
67.81893356055807
73.07858106225927
73.0785994180109
83.83671390529071
83.8367611801685
84.02154382726349
84.02166197274038
89.85402650920635
89.85406419282134
92.54271765465755
93.2538949330225
93.25396651049549
95.04289077770865
95.04289407460197
99.63801362634186
99.63804952368416
