9.26342336171615e-16
2.4215523546551037
2.4215525586508293
5.512637532246483
6.947629375023191
6.947629732110884
7.551469238008351
9.211077703436684
9.211078204139739
13.419110128440922
13.419110346886267
16.8590545232609
16.859055672719872
17.342460056638348
17.34246070138074
21.804650720062767
21.804652893885386
23.56156485873942
24.219530720625766
26.494915855170795
26.494916809546893
29.62587298084387
29.625874360241554
30.2520490202816
30.2520508950609
32.041333264125434
32.04133490926041
37.01046683959033
37.01046783102041
37.991162509773496
37.99116398627321
42.682347656380074
42.68234847715511
44.05234490104534
44.05235203889978
44.943734677684894
44.943737441967755
51.29443537429814
51.294437276406455
52.454825903992784
52.60878352811183
57.41499126637083
57.414994265789524
57.74679458631419
57.74680229267871
60.57528553361334
60.57528942780565
61.62809138002218
61.62809212588591
62.02125696632112
