6.170411404049503e-15
2.1983831428474705
2.198383349481442
7.129287445429926
7.129287865966077
9.422563092547449
10.669592348755344
11.900436860202245
11.900437687350214
13.837146197483209
13.83714899118243
15.089464561628516
15.08946606408238
18.70421339714494
18.70421375902928
22.36183765336961
22.361839802726443
27.986492038496674
27.98649368090848
28.56772235737421
28.56772456459963
32.667943516838015
32.66794864802143
38.68858693071245
38.831114535341186
40.592012271766905
40.59201293911278
41.861131606055025
41.86113462329756
42.30787770086466
42.30788207200575
44.58703966716953
44.587041950735106
44.659661256681815
44.659661630023784
51.30553344025174
51.305535876638245
53.853850792694686
53.85385323904619
54.404695734275535
54.40469638337392
58.215462339618284
58.215486170983006
61.485813301568896
61.485814505493416
66.33887180796073
66.3388733325939
69.84152882959407
69.84153154390773
73.19538140950694
