6.498430266121957e-13
8.118212998374032
26.87139219548501
55.44002002049309
92.7008956879225
137.21859724117002
187.3051003721495
241.08756695062198
296.5846340094429
351.76816610845475
371.0040803300322
404.6776585735733
453.35013803183136
467.226253892635
496.01880794528523
531.0251138820681
540.9221156052531
556.9985182244786
572.4337780799715
595.7147559280983
616.5796086105233
680.2940707486837
750.7683325338725
801.0979062773985
870.0336175909135
893.484669225624
980.1464646079759
981.6886831399679
1107.000498782152
1108.838077840684
1280.7849432871296
1283.6941099711917
1387.0493961527995
1526.1963210837991
1530.8775221187514
1583.59919274891
1707.1918027483491
1874.6202011634332
1885.489634357509
1893.4746065744066
1902.259488124175
2131.358665940601
2139.4988759108596
2437.4251904890093
2437.9718922661805
2451.634045526044
2452.1349337692745
2830.8892994883972
2850.166776557934
2997.4220087474355
