-6.711645128554267e-15
6.17049347404764
10.246983267919427
19.598206754546425
20.59012943815127
27.456753209036652
37.61544295389645
40.960631820046316
43.39185134704737
46.85748436055726
53.13028444836927
61.4377514185241
65.23155333846923
71.39209317074636
77.56875207410522
80.3466161486836
81.61872275986595
86.60921279637688
92.63236982192268
94.88612157244876
101.70620326613553
103.97973928224089
108.5579190824858
115.02378266022455
116.71581869366165
122.46712333976213
125.05342507309147
126.15976657489223
130.02911056215615
134.24889837952958
136.3791343585303
138.00047286454634
141.79993469245778
145.15856226584276
149.30191147040054
149.96718535281605
153.48547130111496
154.18222166014345
158.52011538874277
160.66109109993042
164.04671391135528
164.39677259846482
167.48101112450894
173.38565075995655
179.95309117187767
180.87541365779745
182.91826407334864
183.5379104358061
188.61520665799384
190.674007249691
