1.2255821357776142e-14
2.455416043894694
4.539137731097474
5.565155265092894
8.18533875552022
9.510711192768344
11.124768122695508
16.398559232154994
16.621446267138335
17.200826569226724
19.67125473568501
20.892915232700865
21.71696166910171
24.079735707694923
29.013959339013724
30.19358199644194
31.518841109548255
35.047095487901004
35.79789428745227
36.56936633783198
37.64436579178665
41.61600596149409
43.05620782178372
44.35144018487039
44.640373902556085
46.471564974164465
51.86545790204479
53.6963794534462
55.759256797013364
57.32117892652495
59.34283732643049
61.10484887063836
62.723918718217625
63.55174445299446
66.30776206087367
67.28554800155332
69.9116108516439
70.5670841306578
75.16732939580658
76.02041554119451
77.22846407564182
77.83370331676096
80.93444016903872
81.80281769692814
84.2459939578759
87.36704913778657
89.79425210845176
96.09747719331995
96.6924581099479
96.90903807347493
