-3.1145225287687595e-14
2.5391162123931625
8.451790384612238
15.041822398339423
15.041822398339441
17.52977885653168
29.179307019078088
29.17930701907815
29.31599560468084
42.98541553527472
46.50902303518545
46.509023035185564
48.13461828647412
48.1346489904951
58.279549585268455
66.67998618914537
66.67998618914544
75.299201490284
75.29923361076433
76.56685098917265
88.21725604871087
88.217256048711
97.21338505331026
97.21338505331043
98.42431870664842
105.09710859734274
105.09712640793786
108.38128987551143
108.38128987551157
120.26852923865603
130.82332875410935
130.8233287541097
133.2050824084419
137.630346000155
137.6303654290515
138.25385330075176
138.25385330075207
158.09677375779404
159.82293844599477
159.82293844599505
160.92360428679063
160.923638709684
171.07465944276132
171.07467226958747
181.08238759033583
181.0823875903361
190.25380482673557
193.63211577209094
193.6321157720915
195.65746283292552
