4.891920202254596e-15
2.216222193632565
2.2162222828963496
7.1284704222262905
7.128471094920754
9.20538407735219
10.46136956016415
11.72136540727996
11.721365437284858
13.801392165167973
13.80139258768707
15.023955284325169
15.023955454646298
18.57795620225207
18.577956604524843
22.267771757979038
22.26777256163236
28.136070913960005
28.136072834649575
28.42714170159892
28.427143332077183
32.46873324856645
32.46873685912673
37.58901008395462
37.73504118331402
40.36011392793317
40.36011476720344
40.83738914694308
40.83738926369646
41.31979322466714
41.3197932690092
44.28408895042024
44.284092152290796
44.52297143587324
44.5229732760168
50.468034816464616
50.468036785272155
53.318602285913805
53.31860681771795
54.00888878050813
54.00888988367716
57.565330754261815
57.56533710063784
61.09460901263207
61.09461079839459
65.63142120280993
65.63142766504221
69.19392895704998
69.19394266618191
72.14265902347638
