-6.4427629897778615e-15
3.6480680977851425
5.5687621145304345
5.568763710495611
10.772206633761463
16.28992660484893
16.289929148576025
16.303409640785265
16.303413666120203
19.194738814643415
27.97286669922897
27.97288578461876
31.449307489180292
31.44931378119865
31.96840596755698
35.1697822914618
35.16978464858593
37.71609225638727
39.7712045358337
39.771224784301026
50.66181108479643
50.66182353830574
52.69058619469337
52.69060137288745
57.91295384064103
58.94673009701283
58.946733162407845
62.86965071679294
62.86966405722192
65.3633337663195
65.36335764366152
73.73800074788703
73.7380141269672
86.78523042768525
86.78523592265145
87.43382894159697
89.69073859550983
89.69077574708281
94.10056798899602
94.1005718561469
96.90123681313587
96.90124862729903
98.58940151075838
98.58942806095979
100.35542465104761
100.3554480953007
118.51671960366349
118.51672641362991
123.89168892173284
129.58283582576428
