4.535087583246167e-14
4.020611077143517
4.049536450699568
4.049536450699576
10.029435080651295
11.523928932139343
11.523930174043294
13.839988017949548
13.839988017949597
19.510204482825078
21.601636926711052
21.601636926711112
21.954185078793575
21.954185078793618
23.91157607354315
28.669583455413946
28.669583547338785
35.25557327256179
35.255611670892215
37.43238933879783
37.432393874732995
38.10889406071185
38.10889406071196
41.8182851737497
47.28633329335857
47.28633329335868
51.519644046338264
51.51964404633831
58.839652893983
58.839653207191624
63.922733312405256
63.92273331240551
65.99048109906674
65.99048109906686
68.28643612193355
68.28645731828975
70.60407890247096
70.79479000715197
70.7948137006409
83.49515968038153
83.49515968038166
92.20633786917591
92.20633786917604
93.0877709528752
93.08777095287533
94.26478981037944
94.26479787816058
102.08967122142437
102.08970346419692
102.38515404306499
