-9.266892808668103e-15
2.2531154296565905
7.661032101913415
8.420395581828007
8.893846265286953
11.331087441525254
13.65010739899789
18.9735596093978
19.52583015611382
22.70202915484956
28.321180103489496
28.862612570261582
30.944572084898557
33.07009215996099
33.40699964029163
35.01659310772161
35.79020970488957
41.882961325126864
45.4179996151643
46.94843640943698
49.20979647411745
52.91998956000133
55.216963222637204
60.61374981055278
62.20727584363107
62.75516859124567
66.0562647132545
66.52969193161097
67.66002221438187
70.04537170668921
73.12518754763086
74.13023350244754
77.41163320108086
80.69663902911613
81.07251050658338
86.31525857397273
88.36012279500747
91.3922356114486
95.37757093189704
97.29608623439037
98.68586945427138
104.72430431987783
108.09098734904133
109.4093716015069
109.76984664506378
110.87201262546097
111.02551901404365
116.24233471320224
116.46048083857053
117.72156733403722
