1.539220140234221e-14
2.226175489226049
2.2261754892260543
2.4674533662147655
4.424299595198036
6.691419194264246
6.691421561295247
7.153349040152294
7.453340802576153
7.453340802576176
12.411344982453016
12.411349819204876
13.949807363490839
13.949807363490864
20.53795298471823
20.537952984718256
22.63740717843727
23.749707706156606
23.749711293008357
24.009608141438825
24.00960814143883
28.576599873542808
28.576604118846785
31.628537383092084
31.62854122044696
35.79106460488497
35.79106460488502
36.184605232912574
36.184605232912595
45.3989940913514
45.39899409135157
46.807086655370675
46.80709041367018
49.76976287285586
49.76980804472199
57.01751898965525
58.39623953567746
58.3962395356775
60.3604143677103
60.36041436771034
61.49191571623739
61.49199311846304
62.6005602832334
62.60056347253917
65.40391034569073
65.40391034569076
69.5637620196856
69.56376201968564
76.6651683546863
76.66525355244578
