1.9538710926969571e-13
3.202609706748587
6.450520247546502
6.450521321530229
10.033187851936407
17.050940923648866
17.0509422719984
18.304598094674002
19.363800560351006
19.36380510306076
29.451343519731267
30.246888419528712
30.246888845187367
38.07019347207201
38.07019872902556
38.2888379879775
38.28884147811755
41.1848959032156
41.18490020277209
41.6214823358152
49.538070532161434
59.044493567401794
59.04450084497765
60.170806995097436
60.170811928650764
62.45502171209916
62.455044037704305
65.75449732083315
65.75450105116163
71.34447165001363
71.90266664774447
71.90267811648208
84.68709646092192
84.68709953183621
92.63544020833451
92.63551848155781
94.9573425034177
94.95734655412815
98.1161384632433
98.11613992913442
98.86997588861968
99.02825927603807
99.02827336596289
115.49179427112419
115.49180591514465
122.16834547447284
122.16838805146192
128.53526645139672
128.5352731930029
128.69289090275774
