2.518298070075531e-14
2.773023192174667
2.773023348274248
2.9432236708228894
4.340852290558436
7.0909603787884
7.090963736208058
14.255835840661728
14.255838557825555
24.220330567222614
24.220351236466385
36.91868421090549
36.91870300111044
52.26708982689985
52.267093522753726
67.396468239023
68.80813250726293
68.80813362059061
70.1642590950707
70.16429644615326
73.23561353787231
73.23562335062626
80.58279789556246
80.58280329944137
90.49220005254811
90.49225999689736
90.80194196105586
90.80197436268703
103.82670398321319
103.82673094473398
113.11696307629873
113.11696744981273
119.57248396360137
119.57248663064019
137.88943074820276
137.88947070038924
137.9369772762601
137.93702360572274
158.80096709225236
158.80103347871525
164.64661056520504
164.6466252372187
182.02899446966873
182.02900185751824
193.2124171276007
193.21252558181243
207.4701477951528
207.47018474406931
223.3992483740319
223.39932082420822
