-1.615721445524798e-14
1.6908243443450286
1.690824532251055
6.497670979027322
6.4976713078635955
13.817120385497496
13.81712117915311
20.521273910067716
21.378239437854454
22.244187094843028
22.244189285187332
23.142526527969338
23.142530094542007
23.48994023421575
23.489942703562694
27.35670568136521
27.356706618182137
30.00514978789584
30.005151764037223
34.2716971558516
34.27169758390594
35.69700610181365
35.69700807622958
41.260439006641654
41.26044230978974
47.01907769170545
47.019082077090054
47.171212502422016
47.17121452201293
57.28143303103006
57.2814346861111
61.02852112871466
61.0285247257443
61.83112776813388
61.831128393701626
77.42611656408353
77.42611733279294
77.52476941289062
77.52477273234754
78.22043904338561
78.22045284283898
82.60600633769306
82.63699876691716
84.47443080286752
84.47444024623661
84.52133630417326
84.52134437215827
90.08527487752336
90.08527979875203
90.19904889840315
