1.520138181998476e-13
3.409864325496651
3.409864325496664
5.023427870139161
9.311449779787111
9.311450244678253
11.961912802708115
12.736530369703813
12.736530369703903
16.601574137800288
17.268748836827974
17.268748836827992
22.981479825264238
22.98147982526427
24.684675171308754
24.684680528795152
27.214524778897594
27.214529396606782
35.68120050002119
35.68120409185968
36.36106019370967
39.27176949511067
39.2717694951107
44.128323153472245
44.12832315347226
51.62022820245939
51.62022820245963
53.51427296732021
53.51428296243129
54.9323408828891
54.932340882889235
67.04588081603174
67.04588377064408
69.97642888370959
69.97642888370974
74.81328466788601
74.81329362830252
76.50723920848625
76.50723974647678
76.87119432125334
88.32965670899522
88.32965670899526
88.6710148744781
88.67113512521126
100.90873982090797
100.90873982090804
104.63971987207093
104.63971987207123
109.59849143110715
109.59849143110729
