2.235191198796116e-14
3.389835154227507
3.3898352229300364
5.102497099165577
9.224551412350447
9.224556202349788
12.32453710399484
12.649845170830913
12.649845178196946
16.49982566972044
17.064430634516764
17.064435931317043
23.674108642533252
23.67411068084233
24.318778383926446
24.3187848007106
26.840684426669018
26.840714355827256
36.46177906774142
36.46179188716599
38.67844984848861
38.678462911891785
38.77908346121866
43.507995451345536
43.50800384980209
52.253209788211116
52.25321691051959
52.652023796900956
52.652057274735775
57.7774243915147
57.77742632507586
67.54151179614708
67.54153614113557
68.79554966184715
68.79563517627936
73.71216384962638
73.71218226716792
79.6819319860096
79.68195024084224
82.36362658332197
87.1214498704358
87.12154329443116
89.20401546758336
89.2040304599805
104.35303767788841
104.35304611377113
107.62941572564165
107.62956424342345
107.79164167156257
107.79168026607812
