1.3999218451132833e-15
3.1300621713189125
3.130062171318917
3.189085078622833
6.05909505308981
8.724825594219315
8.72483406606754
10.724741977347195
10.724741977347227
15.140757722534545
16.818067559579713
16.81806755957975
20.36585762620899
20.36586618455232
25.5475325886245
26.52992678348076
26.52992678348077
26.743317395673067
26.743321261936604
32.81568417564904
32.81568417564912
37.4814042824484
37.481413104790484
37.60650268810975
37.606502688109806
46.48266018229099
46.48266984259156
48.391213233956044
48.39123392554813
52.26853879102574
54.38077162771251
54.38077162771265
54.961291251672336
54.96129125167252
58.07598758983005
58.07598758983012
60.536648692529
60.53664869252908
64.70138524549017
64.70140775611024
65.73914564764003
65.73918797451056
70.65030355552945
70.65030355552946
72.34109071415433
72.89989523477784
72.89992418600154
73.96015391196984
73.96017108306155
81.42749856234654
