2.7582103268031233e-15
2.590261511163103
2.5902620803302217
2.884882723190429
4.216916881785434
6.783637512021734
6.78363766468578
13.736268085818882
13.736272658208359
23.39394754065987
23.393948990021194
31.876451179971166
33.19693677117695
33.196939165038714
35.68132528384603
35.68133941709418
37.58343286117649
37.58343317512914
44.859674056228755
44.85968117180485
50.502514840934786
50.502518125410184
54.97406169683388
54.97406410595991
67.741732447394
67.7417679522539
67.85484896219381
67.85486770390055
83.41072675734517
83.4107314042708
87.26432470819451
87.26432988178811
101.53137248287346
101.53141744395259
108.91762863146842
108.91765797308015
122.08842282840678
122.0884295552125
132.5323652765414
132.532485925938
144.9361531721499
144.93618729266484
157.92410622318368
157.9241736599447
169.91273429519904
169.9128719326215
184.89454200059598
184.8946109100193
196.8414652442626
196.84152987095638
