-2.2724877535296173e-16
2.4274606562802536
8.506800652078681
9.33194196938559
10.367839099959495
11.563282347455631
17.00366038535139
18.83038998256587
19.676865085409656
27.52557807752949
29.596267458222382
31.579336754003847
33.187268909953936
34.31967905889583
36.897927103369284
40.72966817420476
40.915103604584345
42.358871502267164
44.92756761249066
45.465009846516374
50.98326795966628
55.30602261752985
55.81501128778283
55.97239792904663
58.28959328918016
64.13410293147167
67.35793845871137
68.46934353275513
69.32065388039298
69.81071114830954
70.61930509012011
72.47856277063617
75.4991580899347
76.67204321878043
78.48705028376321
78.58887543163709
78.69415580050489
80.99400238889868
81.43656845895225
84.04190847044548
86.1225103234288
88.50820519646493
91.63587412974239
93.13459307969892
93.41917818665735
93.85393932354972
97.14162723829658
101.47515642693664
102.11475781848705
104.84456664187246
