6.574601973952099e-16
3.5574411411981366
3.5574422782221435
3.9120203479154694
9.371092999819906
9.967281763571782
9.967288913922507
12.47711915499842
12.477121469472719
17.77534621531866
18.71556646464773
18.715572764192252
19.35936853822776
19.35937282282026
21.71509613796417
25.216287533109462
25.21629870380749
29.589119079966398
29.589124904815375
32.06616580543158
32.066201571033105
34.966809025296484
34.966814234926645
38.29607084244722
41.27924033999244
41.27924162813474
42.50525336214082
42.505270430531844
51.979366926111354
51.97939455479976
52.05070759976261
52.05074183692771
57.29697604771986
57.297023111408144
57.96508802920422
57.9650924985583
58.506361273285606
58.50637863927292
60.03014025663642
71.47104219041061
71.47105657475056
73.7056627898983
73.70572514662989
77.24941907043795
77.24944615648371
79.1701491011481
79.17017105685707
79.56811836565012
79.56813971867437
82.7824323310616
