1.0982534326409166e-14
3.028886974398395
3.028887315011113
3.2841378505267587
6.709048644889294
8.413574711013846
8.413578237605781
12.598226076909851
12.598226939769884
15.67068004238267
16.654181023225462
16.654192707461707
22.518971384144926
22.518974302709186
27.779871510728306
27.7798874460943
33.338999043387844
35.46390059119614
35.463903393228755
36.3755572635932
36.37556626067185
41.78902059549226
41.78903015331615
45.71459376490952
45.714598130292316
52.473857662415966
52.47386782698131
58.625127104469605
58.62514746158719
63.957419343686176
63.957434565264556
70.92302194096678
70.92302840188145
77.88741156675563
78.20141319945333
78.201452113884
80.44557724882632
80.44557882483087
87.84490955788615
87.84491073528916
89.0018224915046
89.0018351257734
91.91329261201041
91.91330655974376
100.40936435057725
100.40939109629889
104.45625052242156
104.45627079606737
113.47670400303888
113.4767087275659
