3.388088420930302e-14
7.231427305824494
21.78820096752395
24.945395094153653
38.529506562155085
49.11403898335992
56.17962878695138
74.85659907236574
80.33093751445142
82.81821295803394
99.60139294208369
102.79192536348843
119.56612357296588
123.27578615346047
132.89424535158147
147.6146231256014
162.55729217321613
167.51396098842307
171.29167574469344
177.70199538009282
193.634490796811
197.2214278546884
210.9021956598259
221.0835216322083
226.69886781900112
232.9386530435453
239.7896283382139
253.41121833304047
269.68038684059576
276.89852340114277
282.03260781356556
289.07644620793
298.86259306022646
305.6919409224574
316.612337390284
320.4627352176505
327.97234987629815
332.104506865203
348.2407032068829
354.6811440671302
364.0374334124177
372.2442613886237
375.23997561127203
379.39613722116206
388.3622824380663
406.54453635916815
410.1917418884194
417.83805034155307
429.1074337881153
433.1394770100591
